"diff_1st Downs" "diff_3rd down efficiency" "diff_4th down efficiency" "diff_Total Yards" "diff_Passing" "diff_Comp-Att" "diff_Yards per pass" "diff_Interceptions thrown" "diff_Rushing" "diff_Rushing Attempts" "diff_Yards per rush" "diff_Penalties" "diff_Turnovers" "diff_Fumbles lost" "diff_Possession" "diff_Score"
"1" 11 0.334 0.5 149 71 0.306 3.7 0 78 14 0.4 -80 0 0 5.16 32
"2" 10 0.203 0.5 230 91 0.187 1.9 -2 139 10 4 43 -3 -1 2.06 33
"3" -6 0.148 -0.167 -11 46 -0.092 -1.3 2 -57 -15 -0.5 48 2 0 -9.3 -7
"4" -6 0.148 -0.167 -11 46 -0.092 -1.3 2 -57 -15 -0.5 48 2 0 -9.3 -7
"5" 1 -0.062 0.1 42 158 0.056 -0.199999999999999 3 -116 -20 -1.5 -10 2 -1 1.5 -14
"6" 15 0.141 1 191 95 0.223 1.5 -1 96 16 1 -39 -1 0 16.5 17
"7" 8 0.243 -0.667 176 153 -0.075 1.5 0 23 5 0.2 32 -1 -1 12.16 -4
"8" 10 0.227 0 163 92 0.214 1.4 1 71 16 0.8 20 0 -1 16.5 3
"9" 10 -0.022 0.8 100 186 0.092 -0.7 1 -86 -1 -2.7 -16 1 0 10.06 -3
"10" -3 0.138 0.5 40 157 0.0399999999999999 2.5 1 -117 -15 -1.8 10 2 1 -2.56 -3
"11" 8 0.282 0 89 87 0.091 -1.1 1 2 1 0 -2 3 2 7.3 -6
"12" -2 -0.077 -0.667 -47 -75 -0.233 -3.7 2 28 -7 1.7 21 3 1 -7.74 -48
"13" -2 -0.077 -0.667 -47 -75 -0.233 -3.7 2 28 -7 1.7 21 3 1 -7.74 -48
