"diff_1st Downs" "diff_3rd down efficiency" "diff_4th down efficiency" "diff_Total Yards" "diff_Passing" "diff_Comp-Att" "diff_Yards per pass" "diff_Interceptions thrown" "diff_Rushing" "diff_Rushing Attempts" "diff_Yards per rush" "diff_Penalties" "diff_Turnovers" "diff_Fumbles lost" "diff_Possession" "diff_Score"
"1" 15 0.219 1 335 240 0.401 5.1 -2 95 9 1.9 0 -1 1 9.4 42
"2" 7 0.167 -0.333 313 131 0.268 3.5 0 182 -8 5.1 -25 -1 -1 5.64 31
"3" 8 -0.122 -1 124 41 0.131 0.4 -1 83 2 1.8 -9 0 1 6.16 3
"4" 11 0.193 0 105 48 0.045 0.700000000000001 -2 57 26 -1.5 -5 -2 0 16.16 10
"5" 4 0.145 -0.5 77 38 0.022 3.6 -1 39 12 -0.4 10 -1 0 9.3 10
"6" 2 0.077 0.667 47 75 0.233 3.7 -2 -28 7 -1.7 -21 -3 -1 7.74 48
"7" -2 -0.179 0.083 65 52 -0.0620000000000001 0.8 1 13 -7 1.2 5 1 0 -4 -3
"8" -3 0.055 1 65 -97 0.018 0.3 0 162 1 5.3 30 0 0 -6.6 25
"9" -6 -0.045 -1 11 -76 0.216 2.3 -2 87 -2 2.7 69 -2 0 2.6 8
"10" -1 0.098 -0.333 -88 -43 0.079 -1 0 -45 -7 -0.4 -40 0 0 -7.96 7
"11" -8 -0.112 0.333 64 66 -0.019 5.1 0 -2 -13 1.8 17 0 0 -12.54 10
"12" 5 0.312 -0.25 84 -47 0.219 -0.100000000000001 -1 131 22 2.3 -25 0 1 14.74 7
"13" -5 -0.029 -0.667 -59 58 -0.0329999999999999 0.0999999999999996 0 -117 -19 -0.7 21 0 0 -7.94 1
