"diff_1st Downs" "diff_3rd down efficiency" "diff_4th down efficiency" "diff_Total Yards" "diff_Passing" "diff_Comp-Att" "diff_Yards per pass" "diff_Interceptions thrown" "diff_Rushing" "diff_Rushing Attempts" "diff_Yards per rush" "diff_Penalties" "diff_Turnovers" "diff_Fumbles lost" "diff_Possession" "diff_Score"
"1" 10 0.01 1 124 82 -0.00600000000000001 1.3 0 42 -12 2.4 -38 0 0 -10.86 42
"2" 9 -0.083 -0.5 -3 79 -0.0159999999999999 3.1 0 -82 9 -4.3 -70 0 0 1.46 -1
"3" -8 -0.198 1 51 -108 0.002 0.3 -1 159 -8 5.1 43 -1 0 -12.7 21
"4" 3 0.056 -0.6 132 83 0.182 6.7 0 49 2 1.4 17 0 0 -4.34 18
"5" 3 -0.138 -0.5 -40 -157 -0.0399999999999999 -2.5 -1 117 15 1.8 -10 -2 -1 2.56 3
"6" -5 -0.312 0.25 -84 47 -0.219 0.100000000000001 1 -131 -22 -2.3 25 0 -1 -14.74 -7
"7" 4 0.166 -0.8 122 15 0.25 7.1 -1 107 9 1.7 17 1 2 -6.8 11
"8" -11 -0.017 -0.25 -51 -54 -0.012 3.3 1 3 -14 1.6 10 2 1 -11.8 -3
"9" 24 0.467 -0.5 390 250 0.148 7 -1 140 8 2.2 -26 -1 0 5.96 49
"10" -11 -0.245 0 -12 -74 -0.215 -0.3 2 62 -8 2.8 119 1 -1 -6 -7
"11" -3 0.116 -0.5 -2 -132 -0.0860000000000001 -2.7 -1 130 5 2.7 -36 0 1 -5.1 7
"12" 13 0.065 0.75 193 -130 -0.03 -3.2 -1 323 27 4 -16 -1 0 3.94 41
