"diff_1st Downs" "diff_3rd down efficiency" "diff_4th down efficiency" "diff_Total Yards" "diff_Passing" "diff_Comp-Att" "diff_Yards per pass" "diff_Interceptions thrown" "diff_Rushing" "diff_Rushing Attempts" "diff_Yards per rush" "diff_Penalties" "diff_Turnovers" "diff_Fumbles lost" "diff_Possession" "diff_Score"
"1" 19 0.378 0 347 264 0.359 4.1 1 83 -12 3.4 10 1 0 -8.36 53
"2" 20 -0.034 0.667 115 84 0.097 -0.899999999999999 2 31 15 -0.3 -82 1 -1 14.6 3
"3" 11 0.017 0.25 51 54 0.012 -3.3 -1 -3 14 -1.6 -10 -2 -1 11.8 3
"4" 14 0.164 0.357 312 146 0.053 2 -3 166 28 1.6 39 -4 -1 7.7 38
"5" -4 -0.0669999999999999 0 -134 -52 -0.317 -2.8 5 -82 -23 0.2 -14 4 -1 -20.56 -28
"6" 6 0.005 0.167 -15 -37 -0.018 -1.4 -1 22 16 -2.1 -28 -2 -1 2.9 15
"7" 4 0.055 0.75 -73 -26 -0.082 -2.5 0 -47 -1 -1 32 1 1 5.14 3
"8" 5 -0.208 -0.75 83 140 -0.0860000000000001 0.4 3 -57 -11 -0.9 -5 3 0 -6.14 -13
"9" 11 0.049 0.333 14 243 0.076 1.4 2 -229 -5 -5.4 -7 3 1 4.86 -9
"10" 5 -0.08 -0.429 93 82 0.13 -0.6 1 11 0 0.3 12 1 0 4.06 -10
"11" -4 -0.145 0.5 -77 -38 -0.022 -3.6 1 -39 -12 0.4 -10 1 0 -9.3 -10
"12" -8 -0.243 0.667 -176 -153 0.075 -1.5 0 -23 -5 -0.2 -32 1 1 -12.16 4
