"diff_1st Downs" "diff_3rd down efficiency" "diff_4th down efficiency" "diff_Total Yards" "diff_Passing" "diff_Comp-Att" "diff_Yards per pass" "diff_Interceptions thrown" "diff_Rushing" "diff_Rushing Attempts" "diff_Yards per rush" "diff_Penalties" "diff_Turnovers" "diff_Fumbles lost" "diff_Possession" "diff_Score"
"1" 3 -0.2 0 92 146 0.071 1.8 1 -54 2 -1.8 -5 2 1 4.9 -13
"2" 21 0.386 0.25 444 210 0.24 3.4 0 234 13 4.4 -31 -1 -1 12.22 58
"3" -2 0.174 -1 -90 -138 0.0810000000000001 -3.8 0 48 2 1.1 34 -3 -3 0.840000000000003 3
"4" 8 0.112 -0.333 -64 -66 0.019 -5.1 0 2 13 -1.8 -17 0 0 12.54 -10
"5" 3 0.277 0.8 -20 13 -0.0479999999999999 -0.8 1 -33 13 -2.1 -19 2 1 14.5 3
"6" 0 -0.443 0.5 -68 -78 -0.133 -3.2 1 10 -8 1.1 16 1 0 -3.24 -17
"7" 4 0.083 0 20 -94 -0.0920000000000001 -7.4 1 114 -5 3.8 -4 1 0 -5.04 -7
"8" 18 0.108 1 193 10 0.21 1.3 -1 183 28 2.8 -63 0 1 17.46 23
"9" -3 -0.056 0.6 -132 -83 -0.182 -6.7 0 -49 -2 -1.4 -17 0 0 4.34 -18
"10" -14 -0.164 -0.357 -312 -146 -0.053 -2 3 -166 -28 -1.6 -39 4 1 -7.7 -38
"11" -15 -0.141 -1 -191 -95 -0.223 -1.5 1 -96 -16 -1 39 1 0 -16.5 -17
"12" -5 -0.114 0.5 -31 -101 0.00600000000000001 -0.9 1 70 -1 1.8 40 0 -1 -2.56 5
