"Team" "diff_1st.Downs" "diff_3rd.down.efficiency" "diff_4th.down.efficiency" "diff_Total.Yards" "diff_Passing" "diff_Comp.Att" "diff_Yards.per.pass" "diff_Interceptions.thrown" "diff_Rushing" "diff_Rushing.Attempts" "diff_Yards.per.rush" "diff_Penalties" "diff_Turnovers" "diff_Fumbles.lost" "diff_Possession" "diff_Score" "Result_num" "CONF_PWR" "OPP_CONF_PWR" "CONF_Matchup" "Conference" "Team_P5_G5"
"1" "AFA" 7.333 0.147 0.24 142.25 -88.917 -0.143 3.933 -0.583 231.167 32.917 1.858 -1.917 -0.25 0.333 12.105 14.417 0.75 4 5.417 -1.417 "MW" "G5"
"2" "AKR" 1.667 -0.02 -0.286 -33.583 39.25 0.028 -1.708 0.25 -72.833 -7.083 -1.4 -3.917 1.083 0.833 -0.002 -11.75 0.167 1 4.5 -3.5 "MAC" "G5"
"3" "ALA" 5.833 0.16 0.153 164.167 92.25 0.089 2.692 0.25 71.917 -0.25 2.15 18.75 0.333 0.083 0.732 22.75 0.833 22 17.083 4.917 "SEC" "P5"
"4" "APP" 3.75 -0.063 0.042 108.167 31.25 0.042 1.617 -0.083 76.917 4.5 1.392 -1.417 -0.75 -0.667 0.83 8.167 0.5 5 6.583 -1.583 "SBC" "G5"
"5" "ARIZ" -1.583 -0.053 -0.151 -5.25 59.833 -0.057 0.867 0.75 -65.083 -8.083 -0.567 0.917 0.417 -0.333 -3.883 -5.667 0.417 19 16.417 2.583 "PAC12" "P5"
"6" "ARK" 1.5 0.02 -0.243 0.5 -43.583 0.053 0.092 -0.083 44.083 8.333 0.425 -6 0.083 0.167 -1.408 1.917 0.5 22 17.333 4.667 "SEC" "P5"
"7" "ARMY" -1.75 0.074 0.118 7.083 -83.333 -0.275 -0.308 -0.5 90.417 14.583 0.192 -2.25 -0.333 0.167 3.275 6.083 0.5 3 5 -2 "Ind_Low" "G5"
"8" "ARST" -3.5 -0.081 -0.069 -90.333 -16.083 0.031 -1.183 -0.083 -74.25 -8.583 -1.483 -2.833 -0.167 -0.083 -0.772 -6.417 0.25 5 6.25 -1.25 "SBC" "G5"
"9" "ASU" -2.667 -0.12 0.194 -34.333 18.5 0.044 0.342 -0.083 -52.833 -4.167 -0.883 17.833 0.5 0.583 1.493 -5.333 0.25 19 16 3 "PAC12" "P5"
"10" "AUB" -2.25 -0.065 0.21 -16.75 -49.917 -0.063 -0.283 0.5 33.167 3.417 0.775 -0.5 0.75 0.25 0.437 -4.75 0.417 22 16.917 5.083 "SEC" "P5"
"11" "BALL" -2.083 -0.038 -0.208 -15.083 12.417 -0.001 -0.692 0.583 -27.5 -9.5 0.342 -2 0.5 -0.083 -4.005 -3.667 0.417 1 3.167 -2.167 "MAC" "G5"
"12" "BAY" 2.75 -0.036 0.332 58.833 2.333 0.028 0.292 -0.167 56.5 6.667 0.9 -1 -0.083 0.083 4.935 7 0.5 20 16.917 3.083 "BIG12" "P5"
"13" "BC" -3.167 -0.051 0.139 -68.25 35.917 0.006 -0.35 0.583 -104.167 -7.833 -2.383 -3.417 1 0.417 -1.493 -12.583 0.25 17 14.833 2.167 "ACC" "P5"
"14" "BGSU" -4.167 -0.104 0.106 -83.083 -20.917 -0.011 -0.525 0.083 -62.167 -5.75 -1.175 20.417 -0.083 -0.167 -0.789 -9.417 0.5 1 4.5 -3.5 "MAC" "G5"
"15" "BOIS" 5.385 0.109 0.092 100.154 34 0.103 0.715 -0.308 66.154 3.154 1.569 5.923 -0.077 0.231 1.573 10.538 0.692 4 5.769 -1.769 "MW" "G5"
"16" "BUFF" 3.25 0.018 0.36 -15.083 16.667 0.039 -0.658 -0.25 -31.75 6.5 -1.733 -4.417 -0.5 -0.25 6.982 1.833 0.5 1 3.083 -2.083 "MAC" "G5"
"17" "BYU" 0.5 0.021 -0.172 31.667 30.917 -0.02 0.517 -0.083 0.75 -4.25 0.525 3.917 -0.167 -0.083 -2.062 1.917 0.583 18 11.25 6.75 "Ind_High" "P5"
"18" "CAL" -4 -0.024 -0.085 -64.75 -11.5 -0.035 -0.4 -0.167 -53.25 -8.917 -0.858 -9.417 -0.5 -0.333 -2.558 -3.917 0.333 19 16.083 2.917 "PAC12" "P5"
"19" "CCU" 1.417 0.003 0.081 -1.583 -33 0.012 -1.517 -0.25 31.417 5.667 0.275 -1.333 -0.5 -0.25 5.587 -1 0.75 5 4.083 0.917 "SBC" "G5"
"20" "CIN" -0.917 0.025 0.121 64.333 69.583 0.047 0.792 -0.083 -5.25 -9.667 0.75 33.417 -0.333 -0.25 -3.39 10.75 0.75 11 11 0 "AAC" "G5"
"21" "CLEM" 3.769 0.111 0.096 73.308 -4.615 0.024 0.485 -0.385 77.923 7.462 1.6 -8 -0.077 0.308 1.615 14.615 0.846 17 15 2 "ACC" "P5"
"22" "CLT" -3.167 -0.062 -0.438 -96.25 -7.083 -0.092 -1.975 0.417 -89.167 -8.833 -1.617 5.75 0.667 0.25 -0.912 -15 0.25 2 5.333 -3.333 "CUSA" "G5"
"23" "CMU" -0.583 0.034 0.064 -5.667 -15.083 -0.037 -0.467 0.5 9.417 -2.917 0.617 -7.25 1.5 1 -2.403 -3.417 0.333 1 4.5 -3.5 "MAC" "G5"
"24" "COLO" -9.833 -0.225 -0.038 -228.5 -91.75 -0.168 -2.725 0.333 -136.75 -8.167 -2.525 -5.25 0.917 0.583 -5.227 -29.083 0.083 19 18 1 "PAC12" "P5"
"25" "CONN" -5.833 -0.041 0.194 -85.083 -113.667 0.008 -1.467 -0.417 28.583 2.5 0.5 14.167 -0.25 0.167 0.435 -6.25 0.5 3 7.667 -4.667 "Ind_Low" "G5"
"26" "CSU" -5.5 -0.162 -0.085 -69.167 5.417 0.074 1.4 0.25 -74.583 -7.333 -1.375 17 0.333 0.083 -1.047 -13.75 0.25 4 6.167 -2.167 "MW" "G5"
"27" "DUKE" 1 -0.024 0.231 38.583 -25.833 0.043 0.458 -0.25 64.417 4.5 1.308 2.417 -1.167 -0.917 6.197 10.25 0.667 17 15.667 1.333 "ACC" "P5"
"28" "ECU" 1.167 0.046 0.125 48.083 -11 0.021 -0.958 -0.5 59.083 0.25 1.925 -19.5 -0.75 -0.25 2.313 3.833 0.583 11 10.667 0.333 "AAC" "G5"
"29" "EMU" 0.5 0.029 -0.179 -6.5 8.917 0.054 0.308 0.083 -15.417 1.25 -0.808 -3.083 0 -0.083 2.823 0.25 0.667 1 2.917 -1.917 "MAC" "G5"
"30" "FAU" 1 0.086 0.022 -13 -18.583 -0.02 0.067 -0.583 5.583 4.333 -0.158 -0.25 -0.583 0 -2.307 3.167 0.417 2 4.083 -2.083 "CUSA" "G5"
"31" "FIU" -6.25 -0.195 -0.014 -127.75 -41 -0.085 -2.05 0.75 -86.75 -11.417 -1.067 6.667 0.417 -0.333 -5.54 -18.583 0.333 2 2.25 -0.25 "CUSA" "G5"
"32" "FLA" -2.083 -0.077 0.111 25.333 -12.167 -0.058 -0.017 0 37.5 -2.417 1.325 3.5 -0.667 -0.667 -2.138 3 0.5 22 18.583 3.417 "SEC" "P5"
"33" "FRES" 2.846 0.071 -0.121 44 76.538 0.18 1.562 -0.154 -32.538 -2.154 -0.738 -11.615 -0.231 -0.077 2.345 10.231 0.692 4 5.923 -1.923 "MW" "G5"
"34" "FSU" 5.583 0.188 -0.035 168.417 98.917 0.087 3.3 -0.167 69.5 1.75 1.642 -2.167 -0.167 0 2.34 16.5 0.75 17 15.417 1.583 "ACC" "P5"
"35" "GASO" 1 0.054 0.025 -27.583 71.667 0.033 -0.733 0.333 -99.25 -12.417 -1.008 -20.583 0.333 0 -3.683 1.333 0.5 5 5.333 -0.333 "SBC" "G5"
"36" "GAST" 0.167 -0.01 0.034 17.75 -25.25 0.018 1.283 -0.5 43 8.417 0.467 13.5 -0.583 -0.083 -2.27 -1.167 0.333 5 7 -2 "SBC" "G5"
"37" "GT" -4.75 -0.073 -0.292 -75.583 -20.25 -0.014 -0.917 -0.167 -55.333 -6.167 -0.767 -8.917 -0.917 -0.75 -3.38 -11.25 0.417 17 15.917 1.083 "ACC" "P5"
"38" "HAW" -2.769 -0.035 -0.165 -95.385 -19.308 -0.097 -2.485 0.154 -76.077 -6.846 -1.123 1.615 0.615 0.462 -3.462 -14.923 0.231 4 6.154 -2.154 "MW" "G5"
"39" "HOU" 0.25 0.016 -0.035 33.75 35.417 0.061 0.383 0.25 -1.667 -4.333 0.942 43.5 0.667 0.417 -0.6 3.667 0.583 11 11 0 "AAC" "G5"
"40" "ILL" 6.583 0.111 0.111 122.833 42.917 0.232 1.967 -1.417 79.917 11.833 1.1 17.333 -1.083 0.333 5.567 13.167 0.667 21 17.5 3.5 "BIG10" "P5"
"41" "IOWA" -2 -0.029 -0.235 -22.5 -15.667 -0.032 0.5 -0.5 -6.833 -2.833 0.242 -5.833 -0.333 0.167 -2.896 3 0.583 21 17.75 3.25 "BIG10" "P5"
"42" "ISU" 4.917 0.132 0.158 84.167 83.5 0.061 -0.183 0.667 0.667 -0.833 0.125 3.5 0.583 -0.083 4.242 -0.083 0.333 20 16.833 3.167 "BIG12" "P5"
"43" "IU" -3.833 -0.092 -0.035 -121 -56.75 -0.114 -2.783 0.5 -64.25 -9.25 -1.025 -21.5 0.417 -0.083 -8.532 -10.667 0.333 21 16.833 4.167 "BIG10" "P5"
"44" "JMU" 8.818 0.132 -0.03 162.273 55.727 0.066 1.364 -0.091 106.545 11.182 2.136 -5.909 -0.182 -0.091 7.285 16.091 0.727 5 5.364 -0.364 "SBC" "G5"
"45" "KENT" -0.333 0.026 -0.165 -15.25 -57.917 -0.127 -0.708 0.083 42.667 1.75 0.733 13.75 0 -0.083 -7.745 -0.583 0.417 1 5.75 -4.75 "MAC" "G5"
"46" "KSU" 1.154 0.063 0.08 54.308 -6.385 0.058 1.362 -0.923 60.692 6 0.908 -2.538 -1.077 -0.154 2.963 13.154 0.769 20 17.923 2.077 "BIG12" "P5"
"47" "KU" -4.917 0.041 -0.178 -27.5 -27.667 0.017 1.175 -0.417 0.167 -8.333 1.183 10.333 -0.333 0.083 -2.647 0.333 0.5 20 17.333 2.667 "BIG12" "P5"
"48" "LIB" 3.25 0.051 -0.156 55.167 21.083 -0.008 0.308 0.083 34.083 1 0.8 -2.167 0.25 0.167 -1.297 3.333 0.667 3 8 -5 "Ind_Low" "G5"
"49" "LOU" 1 0.025 0.278 58.417 5.167 0.009 0.133 -0.417 53.25 1.833 1.267 11.167 -0.75 -0.333 -0.543 7 0.583 17 15.417 1.583 "ACC" "P5"
"50" "LSU" 5.462 0.085 0.071 80.923 52.538 0.075 0.346 0 28.385 1.154 0.708 -4.769 0.077 0.077 2.154 8.615 0.692 22 17 5 "SEC" "P5"
"51" "LT" -4.583 -0.07 -0.121 -76.5 41.667 0.016 0.233 0.667 -118.167 -6.5 -2.408 -7.833 0.25 -0.417 0.178 -8.917 0.25 2 5 -3 "CUSA" "G5"
"52" "M-OH" -2.833 -0.068 -0.16 -62.417 -70.083 -0.065 -0.05 -0.417 7.667 2.667 -0.058 -7.75 -0.667 -0.25 0.642 -2.25 0.5 1 5.167 -4.167 "MAC" "G5"
"53" "MASS" -4.167 -0.022 -0.062 -103.833 -58.333 -0.055 -3.575 0.333 -45.5 4.5 -1.5 19.75 0 -0.333 2.599 -18.583 0.083 3 5.333 -2.333 "Ind_Low" "G5"
"54" "MD" -0.75 0.022 0.336 43.917 39.833 0.091 1.258 -0.083 4.083 -1.083 0.442 24.167 -0.083 0 1.473 5.083 0.583 21 16.917 4.083 "BIG10" "P5"
"55" "MEM" 2.5 0.033 0.097 49.917 29.583 0.042 1.133 -0.417 20.333 2.667 0.467 -9.917 -0.333 0.083 0.817 7.75 0.5 11 9.75 1.25 "AAC" "G5"
"56" "MIA" 2.583 0.012 -0.281 -7.75 6.167 0.008 -1.983 -0.167 -13.917 -0.917 -0.358 4.667 0.25 0.417 1.422 -3.167 0.417 17 13.75 3.25 "ACC" "P5"
"57" "MICH" 8 0.141 0.423 176.385 18.615 0.089 2.677 -0.615 157.769 13.846 2.838 -9.462 -0.615 0 7.802 26.692 1 21 17 4 "BIG10" "P5"
"58" "MINN" 7.833 0.252 -0.136 124.833 12.25 0.042 2.033 -0.333 112.583 17.167 1.15 -8.583 -0.333 0 10.497 14.917 0.667 21 17.583 3.417 "BIG10" "P5"
"59" "MISS" 4.167 0.083 0.179 111.417 11.667 -0.024 1.175 0.167 99.75 8.583 1.317 11.917 -0.083 -0.25 -7.218 10 0.667 22 17.417 4.583 "SEC" "P5"
"60" "MIZ" -0.083 0.051 0.056 33.583 2.833 0.046 0.55 -0.083 30.75 3.75 0.558 20.667 0.167 0.25 1.982 0.5 0.5 22 16.75 5.25 "SEC" "P5"
"61" "MRSH" 6.083 0.143 -0.222 113.083 -3.75 0.1 0.2 -0.5 116.833 14.25 1.675 15.917 -0.583 -0.083 4.382 8 0.667 5 4.917 0.083 "SBC" "G5"
"62" "MSST" 4.583 0.069 0.1 42.833 107.583 0.104 0.083 -0.583 -64.75 -12.083 -0.558 9.75 -0.333 0.25 0.658 8.5 0.667 22 17.25 4.75 "SEC" "P5"
"63" "MSU" -2.583 -0.066 -0.222 -63.5 2.083 -0.019 -0.625 0.833 -65.583 -11.583 -0.767 -8.75 0.333 -0.5 -7.55 -3 0.417 21 17.5 3.5 "BIG10" "P5"
"64" "MTSU" -1.333 -0.045 0.205 -23.25 -24.167 0.088 -0.392 -0.583 0.917 0.25 0.017 -7.583 -0.75 -0.167 -2.282 1.083 0.583 2 3.5 -1.5 "CUSA" "G5"
"65" "NAVY" 2 0.014 0.123 -12.083 -164.333 -0.268 -1.917 -0.167 152.25 29.417 1.15 -14.167 -0.25 -0.083 9.267 -2.417 0.333 11 9.417 1.583 "AAC" "G5"
"66" "NCST" 4.5 0.059 0.125 17.833 -0.417 0 -0.133 -0.917 18.25 6.25 -0.058 -5.667 -0.5 0.417 3.932 5.917 0.667 17 14.167 2.833 "ACC" "P5"
"67" "ND" 3.5 0.097 -0.167 55.583 9.333 0.049 1.083 -0.083 46.25 6 0.475 1.333 0.167 0.25 3.65 8.917 0.667 18 15.333 2.667 "Ind_High" "P5"
"68" "NEB" -4.917 -0.021 -0.278 -70.25 -4.5 0.006 0.908 0.333 -65.75 -6.583 -1.067 -10.667 0.25 -0.083 -6.372 -5 0.333 21 17.833 3.167 "BIG10" "P5"
"69" "NEV" -2.667 -0.067 0.221 -90.667 -43.583 -0.006 -3.717 -0.25 -47.083 -2.667 -0.5 -17 -0.167 0.083 -3.027 -12.083 0.167 4 5.083 -1.083 "MW" "G5"
"70" "NIU" -3.417 -0.054 -0.118 -22.583 -70.167 -0.039 -1.625 0.5 47.583 2.667 0.95 14 -0.25 -0.75 1.598 -5.5 0.25 1 5.25 -4.25 "MAC" "G5"
"71" "NMSU" -3.5 -0.024 0.058 -14.667 -14.333 -0.083 0.567 0.5 -0.333 -5.167 0.492 1.583 0.417 -0.083 -3.993 1.25 0.5 3 7.167 -4.167 "Ind_Low" "G5"
"72" "NU" -1.25 -0.053 0.018 -39.333 26.917 0.007 -0.958 0.917 -66.25 -2.333 -1.533 -2.5 1.5 0.583 -1.945 -14.583 0.083 21 17.25 3.75 "BIG10" "P5"
"73" "ODU" -7.583 -0.114 -0.235 -102.917 2.917 -0.082 -1.125 -0.417 -105.833 -21.417 -0.9 9 -0.083 0.333 -11.74 -7.083 0.25 5 7.333 -2.333 "SBC" "G5"
"74" "OHIO" -1.769 0.038 -0.032 -13.077 -8.385 0.003 0.754 -0.462 -4.692 2.154 -0.177 -9.385 -0.923 -0.462 4.538 3.538 0.692 1 4 -3 "MAC" "G5"
"75" "OKST" 2.333 0.099 -0.077 -25.333 14.25 -0.005 0.083 0.333 -39.583 0.25 -0.983 -22.667 0.333 0 -3.498 2.417 0.583 20 16.667 3.333 "BIG12" "P5"
"76" "ORE" 4.833 -0.029 0.194 121.667 30.833 0.082 1.867 -0.667 90.833 10.167 1.217 17.417 -0.833 -0.167 3.42 12.25 0.75 19 17.583 1.417 "PAC12" "P5"
"77" "ORST" 3.583 0.045 0.444 57.333 -27.833 0.032 1.683 0.083 85.167 11.917 1.092 1.5 0.083 0 4.372 11 0.75 19 14.917 4.083 "PAC12" "P5"
"78" "OSU" 9.333 0.17 0.208 188.75 110.167 0.1 2.758 -0.333 78.583 1.083 2.1 4.583 -0.583 -0.25 1.197 25.25 0.917 21 17.75 3.25 "BIG10" "P5"
"79" "OU" -2 -0.038 0.015 21.667 -5.917 0.001 0.792 -0.667 27.583 0.917 0.742 8.583 -0.5 0.167 -7.953 3.333 0.5 20 17 3 "BIG12" "P5"
"80" "PITT" 3.75 0.099 -0.139 82.833 -2.917 0.068 1.817 0 85.75 9.917 1.525 17.167 0.167 0.167 5.825 7.417 0.667 17 14.917 2.083 "ACC" "P5"
"81" "PSU" 4.167 0.062 0.249 114.5 37.583 0.103 1.708 -0.417 76.917 5.417 1.925 -2.583 -0.833 -0.417 2.142 17.833 0.833 21 17.75 3.25 "BIG10" "P5"
"82" "PUR" 6 0.059 0.14 60.231 73.385 0.099 -0.454 0 -13.154 -1.077 -0.285 -1.692 0.077 0.077 4.16 3.462 0.615 21 17.615 3.385 "BIG10" "P5"
"83" "RICE" 1.583 -0.012 0.175 -6.917 16.833 -0.032 -0.25 0.917 -23.75 2.25 -1.233 -5 1.25 0.333 5.665 -8.5 0.417 2 4.25 -2.25 "CUSA" "G5"
"84" "RUTG" -4.75 -0.049 -0.083 -67.667 -52.917 -0.085 -1.125 0.417 -14.75 0.083 -0.567 17.917 0.5 0.083 -1.615 -11.833 0.333 21 18.083 2.917 "BIG10" "P5"
"85" "SC" -3.167 -0.009 0.208 -10.833 58.25 0.139 1.833 0.083 -69.083 -7.25 -1.175 7.833 0.417 0.333 -1.697 4.167 0.667 22 16.667 5.333 "SEC" "P5"
"86" "SDSU" -1.667 -0.074 0.556 -13.667 -35.667 -0.059 0.05 -0.083 22 2.75 0.35 15.5 0.083 0.167 1.688 1.167 0.583 4 5.917 -1.917 "MW" "G5"
"87" "SJSU" 1.636 -0.016 -0.242 23.909 53.545 0.005 0.445 -0.818 -29.636 -8.545 -0.145 -25 -1.091 -0.273 -2.484 7.182 0.636 4 5 -1 "MW" "G5"
"88" "SMU" 3 0.13 -0.21 33.833 82.083 0.088 0.992 0.083 -48.25 -4.25 -1 -25 0.167 0.083 -4.367 3.75 0.583 11 10.917 0.083 "AAC" "G5"
"89" "STAN" -1.333 0.023 -0.033 -72.5 44.583 0.035 -0.15 0.167 -117.083 -5.583 -2.65 -18.75 1 0.833 -0.217 -10.833 0.25 19 17.25 1.75 "PAC12" "P5"
"90" "SYR" -0.083 -0.012 -0.021 27.75 35 -0.02 2.283 -0.167 -7.25 -5.083 0.367 5.75 -0.583 -0.417 -3.69 5.667 0.583 17 14.833 2.167 "ACC" "P5"
"91" "TA&M" -1.333 -0.004 -0.196 -4.333 63.25 0.013 1.267 0.167 -67.583 -12.833 -0.25 -11.833 0.167 0 -4.268 1.583 0.417 22 16.75 5.25 "SEC" "P5"
"92" "TCU" 2.077 0.06 -0.077 87.923 37.385 0.117 1.885 -0.769 50.538 1.769 1.338 2.077 -0.692 0.077 2.515 15.308 0.923 20 17.692 2.308 "BIG12" "P5"
"93" "TEM" -1 -0.05 -0.083 -40.667 69.5 -0.006 0 0.5 -110.167 -15.667 -1.808 -6 0.917 0.417 -5.942 -7.333 0.25 11 10.75 0.25 "AAC" "G5"
"94" "TENN" 3.083 0.057 0.264 139.333 45.333 0.056 3.158 -0.5 94 5.917 2.092 -2.583 -0.75 -0.25 -9.257 23.833 0.833 22 16.25 5.75 "SEC" "P5"
"95" "TEX" 2.333 -0.009 -0.054 68.333 -8.25 -0.003 1.683 -0.167 76.583 0.917 1.592 2.917 -0.083 0.083 -4.868 14.5 0.667 20 17.417 2.583 "BIG12" "P5"
"96" "TLSA" 0.917 0.021 -0.16 -2.417 66.833 0.024 0.667 0.333 -69.25 -6.583 -1.142 -2.083 0.167 -0.167 -2.233 -2.5 0.417 11 9.583 1.417 "AAC" "G5"
"97" "TOL" 4.385 0.045 0.186 73.846 42.308 0.048 2.062 0.231 31.538 1.769 0.677 -14.077 0.615 0.385 -2.375 6.538 0.615 1 2.846 -1.846 "MAC" "G5"
"98" "TROY" 0.154 -0.064 0.017 48.846 44.538 0.043 3.023 0.154 4.308 -0.385 0.254 0.692 -0.077 -0.231 0.406 8.615 0.846 5 5.538 -0.538 "SBC" "G5"
"99" "TTU" 6.583 -0.009 0.209 45 58.917 0.023 -0.725 0.833 -13.917 0.333 -0.467 -7.917 0.667 -0.167 -0.455 4.083 0.583 20 17.333 2.667 "BIG12" "P5"
"100" "TULN" 3.231 0.029 0.05 91.538 48.308 0.081 2.754 -0.462 43.231 0.692 1.015 -9.385 -0.308 0.154 0.849 14.769 0.846 11 9.769 1.231 "AAC" "G5"
"101" "TXST" -0.75 -0.001 -0.25 -37.75 -23.833 -0.039 -1.333 -0.083 -13.917 -1.667 -0.35 -8.5 -0.25 -0.167 0.938 -5.25 0.333 5 5.5 -0.5 "SBC" "G5"
"102" "UAB" 1.417 0.023 0.01 73.667 0.833 0.016 1.617 -0.333 72.833 4.5 1.15 8.333 -0.25 0.083 3.603 7.167 0.5 2 3.833 -1.833 "CUSA" "G5"
"103" "UCF" 4.538 0.113 0.074 97.231 18.462 0.117 1.3 0.154 78.769 10.077 0.754 4.692 0.154 0 2.542 11.231 0.692 11 10.385 0.615 "AAC" "G5"
"104" "UCLA" 3.833 0.108 -0.126 108 -14.167 0.031 0.8 -0.167 122.167 7.333 2.483 5.75 -0.167 0 -4.542 11.25 0.75 19 14.75 4.25 "PAC12" "P5"
"105" "UGA" 9.154 0.259 0.185 199.846 69.846 0.109 2.492 -0.308 130 11.231 2.562 4.615 0 0.308 7.58 26.385 1 22 18.077 3.923 "SEC" "P5"
"106" "UK" 2.667 0.014 -0.003 16.167 42.667 0.043 1.65 0.083 -26.5 1.833 -0.708 -12.917 0.083 0 6.078 3 0.583 22 16.25 5.75 "SEC" "P5"
"107" "UL" 0.75 0.009 0.197 6.083 5.583 -0.004 -0.342 -0.5 0.5 -0.25 0.125 2.583 -0.667 -0.167 -0.677 4.167 0.5 5 5 0 "SBC" "G5"
"108" "ULM" -3.75 -0.01 -0.103 -101.5 -27.333 0.01 -1.083 0.083 -74.167 -5.417 -1.283 -22.833 0.583 0.5 -1.055 -12.083 0.333 5 7.083 -2.083 "SBC" "G5"
"109" "UNC" 1.923 0.061 0.269 35.385 40.846 0.022 0.646 -0.077 -5.462 -0.538 0.169 3.385 0.077 0.154 -0.605 4 0.692 17 13.923 3.077 "ACC" "P5"
"110" "UNLV" -3.25 -0.056 -0.012 -31.25 -10.75 0.039 -0.2 -0.667 -20.5 -6.5 0.15 15.583 -0.5 0.167 -2.365 -2.167 0.417 4 5.917 -1.917 "MW" "G5"
"111" "UNM" -4.5 -0.114 -0.297 -132.667 -97.833 -0.082 -3.375 0 -34.833 -1.833 -0.633 -11.917 -0.25 -0.25 -2.085 -12.917 0.167 4 4.917 -0.917 "MW" "G5"
"112" "UNT" -1.846 -0.042 -0.045 3.615 -9.538 -0.084 0.823 0.462 13.154 -2 0.354 -12.846 0.385 -0.077 -5.322 2.462 0.538 2 3.385 -1.385 "CUSA" "G5"
"113" "USA" 4.5 0.128 -0.083 120.167 42.75 0.05 1.517 -0.167 77.417 11.583 0.95 28.333 -0.417 -0.25 5.653 12.5 0.833 5 5.167 -0.167 "SBC" "G5"
"114" "USC" 2.769 0.082 -0.192 84.769 59.231 0.029 1.515 -1.154 25.538 2 0.569 8.154 -1.615 -0.462 2.675 13.154 0.846 19 16.462 2.538 "PAC12" "P5"
"115" "USF" -6.333 -0.118 0.012 -126.917 -89.083 -0.143 -1.725 0.25 -37.833 -1.5 -0.858 -9.167 0.417 0.167 -1.04 -13.167 0.083 11 12.083 -1.083 "AAC" "G5"
"116" "USM" -1.417 -0.027 0.278 -36 -19.167 -0.06 0.35 -0.167 -16.833 -1.25 -0.158 1.75 0.25 0.417 -2.24 0.75 0.5 5 5.917 -0.917 "SBC" "G5"
"117" "USU" -0.833 -0.083 0.178 -34.333 1.75 0.049 -0.633 0.583 -36.083 2.667 -1.258 16.833 0.583 0 -1.595 -7.333 0.5 4 6.25 -2.25 "MW" "G5"
"118" "UTAH" 10.385 0.185 0.159 147.385 34.154 0.073 1.1 -0.308 113.231 11.846 2.038 -20.538 -0.615 -0.308 7.109 19.615 0.769 19 16.615 2.385 "PAC12" "P5"
"119" "UTEP" 2.333 0.03 -0.126 31.917 0.75 0.004 -0.458 0.583 31.167 5.083 0.175 0 0.417 -0.167 7.56 -2.583 0.417 2 3.917 -1.917 "CUSA" "G5"
"120" "UTSA" 6 0.093 0.058 81.231 55.154 0.111 1.062 -0.462 26.077 3.615 0.369 -0.615 -0.462 0 -0.071 12.154 0.846 2 4 -2 "CUSA" "G5"
"121" "UVA" -1.9 -0.047 -0.108 -13.6 16.6 -0.072 -0.1 0.7 -30.2 -7.9 -0.3 2.7 0.9 0.2 -4.896 -7 0.3 17 14.5 2.5 "ACC" "P5"
"122" "VAN" -3.75 -0.027 -0.081 -114.083 -103.167 -0.068 -2.267 0 -10.917 4 -1.175 -8.667 0 0 3.204 -11.417 0.417 22 16.5 5.5 "SEC" "P5"
"123" "VT" -2.727 -0.022 -0.197 -57.091 -32.727 -0.006 -0.336 0.455 -24.364 0.636 -0.555 4.273 0.545 0.091 -1.696 -5.455 0.273 17 13.364 3.636 "ACC" "P5"
"124" "WAKE" 5.083 0.057 0.01 37.75 41.75 0.046 1.117 0.417 -4 3.333 -0.525 -23.667 0.25 -0.167 -2.815 7.583 0.583 17 13.667 3.333 "ACC" "P5"
"125" "WASH" 6 0.133 0.111 152.917 135 0.052 1.342 0.083 17.917 -4.833 1.275 13.917 -0.167 -0.25 1.937 14.417 0.833 19 16.083 2.917 "PAC12" "P5"
"126" "WISC" 1.417 0.07 -0.174 57.333 -12.75 -0.022 0.95 -0.417 70.083 3.083 1.483 16.333 -0.167 0.25 1.279 6 0.5 21 17.583 3.417 "BIG10" "P5"
"127" "WKU" 2.923 0.042 0.042 102.231 114.231 0.041 1.131 -0.462 -12 -8.769 0.977 -4.385 -0.692 -0.231 -2.058 12.385 0.615 2 5.231 -3.231 "CUSA" "G5"
"128" "WMU" -1.417 -0.006 0.09 -50.25 -46.417 -0.096 -1.917 0.167 -3.833 3.167 -0.525 3.917 -0.333 -0.5 0.865 -5.083 0.417 1 4.167 -3.167 "MAC" "G5"
"129" "WSU" 0.167 -0.003 0.031 -18.333 -3.167 0.037 -0.583 -0.333 -15.167 -5.333 -0.067 -14 -0.417 -0.083 -4.522 5.333 0.583 19 16.333 2.667 "PAC12" "P5"
"130" "WVU" 1.5 0.002 0.08 -13.25 -35.167 -0.009 -2.075 0.667 21.917 0.917 0.442 -5.5 0.583 -0.083 2.647 -2.333 0.417 20 17.833 2.167 "BIG12" "P5"
"131" "WYO" -3.5 -0.044 -0.458 -53.75 -92 -0.115 -1.15 0.417 38.25 1.417 0.95 -9.667 0.083 -0.333 -1.803 -2.667 0.583 4 6.833 -2.833 "MW" "G5"
