"Team" "diff_1st Downs" "diff_3rd down efficiency" "diff_4th down efficiency" "diff_Total Yards" "diff_Passing" "diff_Comp-Att" "diff_Yards per pass" "diff_Interceptions thrown" "diff_Rushing" "diff_Rushing Attempts" "diff_Yards per rush" "diff_Penalties" "diff_Turnovers" "diff_Fumbles lost" "diff_Possession" "diff_Score" "Result_num"
"1" "AAMU" -7.5 -0.137 -0.25 -204.5 -141 -0.168 -4.5 1 -63.5 6.5 -2.2 -5.5 1 0 4.03 -40 0
"2" "ACU" -7 -0.119 -1 -180 -98 -0.116 -3.4 1 -82 -14 -0.7 -80 1 0 -8.34 -17 0
"3" "AFA" 7.333 0.147 0.24 142.25 -88.917 -0.143 3.933 -0.583 231.167 32.917 1.858 -1.917 -0.25 0.333 12.105 14.417 0.75
"4" "AKR" 1.667 -0.02 -0.286 -33.583 39.25 0.028 -1.708 0.25 -72.833 -7.083 -1.4 -3.917 1.083 0.833 -0.002 -11.75 0.167
"5" "ALA" 5.833 0.16 0.153 164.167 92.25 0.089 2.692 0.25 71.917 -0.25 2.15 18.75 0.333 0.083 0.732 22.75 0.833
"6" "ALB" -19 -0.342 -0.5 -336 -164 -0.382 -6.6 0 -172 -11 -3.4 -3 1 1 0.94 -59 0
"7" "ALCN" -26 -0.338 -1 -449 -350 -0.449 -9.4 1 -99 -12 -1.7 38 -1 -2 -10.36 -52 0
"8" "ALST" -10 -0.032 0 -175 -42 -0.205 -1.8 1 -133 -2 -3.4 6 2 1 11.6 -38 0
"9" "APP" 3.75 -0.063 0.042 108.167 31.25 0.042 1.617 -0.083 76.917 4.5 1.392 -1.417 -0.75 -0.667 0.83 8.167 0.5
"10" "APSU" -7.5 -0.077 -0.5 -192.5 -118.5 0.006 -2.65 1 -74 -2 -1.65 -13 1.5 0.5 -3.115 -22.5 0
"11" "ARIZ" -1.583 -0.053 -0.151 -5.25 59.833 -0.057 0.867 0.75 -65.083 -8.083 -0.567 0.917 0.417 -0.333 -3.883 -5.667 0.417
"12" "ARK" 1.5 0.02 -0.243 0.5 -43.583 0.053 0.092 -0.083 44.083 8.333 0.425 -6 0.083 0.167 -1.408 1.917 0.5
"13" "ARMY" -1.75 0.074 0.118 7.083 -83.333 -0.275 -0.308 -0.5 90.417 14.583 0.192 -2.25 -0.333 0.167 3.275 6.083 0.5
"14" "ARST" -3.5 -0.081 -0.069 -90.333 -16.083 0.031 -1.183 -0.083 -74.25 -8.583 -1.483 -2.833 -0.167 -0.083 -0.772 -6.417 0.25
"15" "ASU" -2.667 -0.12 0.194 -34.333 18.5 0.044 0.342 -0.083 -52.833 -4.167 -0.883 17.833 0.5 0.583 1.493 -5.333 0.25
"16" "AUB" -2.25 -0.065 0.21 -16.75 -49.917 -0.063 -0.283 0.5 33.167 3.417 0.775 -0.5 0.75 0.25 0.437 -4.75 0.417
"17" "BALL" -2.083 -0.038 -0.208 -15.083 12.417 -0.001 -0.692 0.583 -27.5 -9.5 0.342 -2 0.5 -0.083 -4.005 -3.667 0.417
"18" "BAY" 2.75 -0.036 0.332 58.833 2.333 0.028 0.292 -0.167 56.5 6.667 0.9 -1 -0.083 0.083 4.935 7 0.5
"19" "BC" -3.167 -0.05 0.139 -68.25 35.917 0.006 -0.35 0.583 -104.167 -7.833 -2.383 -3.417 1 0.417 -1.493 -12.583 0.25
"20" "BCU" -18 -0.643 0 -244 -32 -0.351 -3 3 -212 -13 -4.1 47 2 -1 0.5 -57 0
"21" "BGSU" -4.167 -0.104 0.106 -83.083 -20.917 -0.011 -0.525 0.083 -62.167 -5.75 -1.175 20.417 -0.083 -0.167 -0.789 -9.417 0.5
"22" "BOIS" 5.385 0.109 0.092 100.154 34 0.103 0.715 -0.308 66.154 3.154 1.569 5.923 -0.077 0.231 1.573 10.538 0.692
"23" "BRY" 1 0.321 0.333 93 39 0.13 2.5 0 54 11 0.7 60 1 1 16.6 -1 0
"24" "BUCK" -17 -0.337 -1 -355 -89 -0.013 -3 0 -266 -15 -5.7 -11 0 0 3 -41 0
"25" "BUFF" 3.25 0.018 0.36 -15.083 16.667 0.039 -0.658 -0.25 -31.75 6.5 -1.733 -4.417 -0.5 -0.25 6.982 1.833 0.5
"26" "BYU" 0.5 0.021 -0.172 31.667 30.917 -0.02 0.517 -0.083 0.75 -4.25 0.525 3.917 -0.167 -0.083 -2.062 1.917 0.583
"27" "CAL" -4 -0.024 -0.085 -64.75 -11.5 -0.035 -0.4 -0.167 -53.25 -8.917 -0.858 -9.417 -0.5 -0.333 -2.558 -3.917 0.333
"28" "CAM" -7 -0.212 -0.334 -169 -2 -0.21 -3.3 1 -167 -5 -4 64 1 0 1.74 -39 0
"29" "CARK" -13 -0.153 0.2 -277 -146 -0.11 -4.5 1 -131 3 -3.7 -11 3 2 12.54 -56 0
"30" "CCSU" -13 -0.487 -1 -204 -8 -0.076 -2 0 -196 -32 -1.6 -25 -2 -2 -9.18 -25 0
"31" "CCU" 1.417 0.003 0.081 -1.583 -33 0.012 -1.517 -0.25 31.417 5.667 0.275 -1.333 -0.5 -0.25 5.587 -1 0.75
"32" "CHSO" -23 -0.433 0 -388 -207 -0.107 -5.6 2 -181 -27 -2.8 -4 2 0 -12 -52 0
"33" "CIN" -0.917 0.025 0.121 64.333 69.583 0.047 0.792 -0.083 -5.25 -9.667 0.75 33.417 -0.333 -0.25 -3.39 10.75 0.75
"34" "CIT" -8 0.278 -0.067 -322 -247 -0.292 -7.8 1 -75 33 -6.6 -3 2 1 19.7 -49 0
"35" "CLEM" 3.769 0.111 0.096 73.308 -4.615 0.024 0.485 -0.385 77.923 7.462 1.6 -8 -0.077 0.308 1.615 14.615 0.846
"36" "CLT" -3.167 -0.062 -0.438 -96.25 -7.083 -0.092 -1.975 0.417 -89.167 -8.833 -1.617 5.75 0.667 0.25 -0.912 -15 0.25
"37" "CMU" -0.583 0.034 0.064 -5.667 -15.083 -0.037 -0.467 0.5 9.417 -2.917 0.617 -7.25 1.5 1 -2.403 -3.417 0.333
"38" "COLG" -6 -0.247 -0.334 -202 -60 0.131 -1.6 0.5 -142 -6 -2.2 -2.5 -1 -1.5 2.47 -28 0
"39" "COLO" -9.833 -0.225 -0.038 -228.5 -91.75 -0.168 -2.725 0.333 -136.75 -8.167 -2.525 -5.25 0.917 0.583 -5.227 -29.083 0.083
"40" "CONN" -5.833 -0.04 0.194 -85.083 -113.667 0.008 -1.467 -0.417 28.583 2.5 0.5 14.167 -0.25 0.167 0.435 -6.25 0.5
"41" "CP" -16 -0.214 -0.6 -232 -166 -0.311 -3.2 0 -66 -3 -1.7 -29 0 0 -7.36 -28 0
"42" "CSU" -5.5 -0.162 -0.085 -69.167 5.417 0.074 1.4 0.25 -74.583 -7.333 -1.375 17 0.333 0.083 -1.047 -13.75 0.25
"43" "DEL" -4 -0.158 0.333 -117 54 0.24 -4.5 0 -171 -34 -2.5 5 -2 -2 -4.64 7 1
"44" "DUKE" 1 -0.024 0.231 38.583 -25.833 0.043 0.458 -0.25 64.417 4.5 1.308 2.417 -1.167 -0.917 6.197 10.25 0.667
"45" "DUQ" -5.5 -0.194 -0.25 -147 -12 -0.19 -2.7 0.5 -135 -5.5 -2.25 -42 0 -0.5 1.855 -25 0
"46" "ECU" 1.167 0.046 0.125 48.083 -11 0.021 -0.958 -0.5 59.083 0.25 1.925 -19.5 -0.75 -0.25 2.313 3.833 0.583
"47" "EIU" 6 0.122 0 62 84 0.078 -0.8 2 -22 -4 0 -3 2 0 0.9 -7 0
"48" "EKU" 3.5 0.134 0 54 60.5 0.057 -1.15 0.5 -6.5 -6.5 0.55 12.5 0.5 0 5.285 -3 0.5
"49" "ELON" 6 -0.118 0 71 98 -0.033 1.7 0 -27 9 -1.8 0 1 1 9.03 -11 0
"50" "EMU" 0.5 0.029 -0.179 -6.5 8.917 0.054 0.308 0.083 -15.417 1.25 -0.808 -3.083 0 -0.083 2.823 0.25 0.667
"51" "ETSU" -16 -0.402 0.5 -264 -299 -0.443 -4.6 2 35 24 -2 21 2 0 5.7 -49 0
"52" "EWU" -11 -0.192 0.125 -336 -194 -0.204 -7.9 0.5 -142 -1.5 -4.15 1 1 0.5 -2.45 -45.5 0
"53" "FAMU" -9 -0.198 0.333 -273 -15 -0.045 -0.5 1 -258 -13 -5.8 3 2 1 -2.05 -32 0
"54" "FAU" 1 0.086 0.022 -13 -18.583 -0.02 0.067 -0.583 5.583 4.333 -0.158 -0.25 -0.583 0 -2.307 3.167 0.417
"55" "FIU" -6.25 -0.195 -0.014 -127.75 -41 -0.085 -2.05 0.75 -86.75 -11.417 -1.067 6.667 0.417 -0.333 -5.54 -18.583 0.333
"56" "FLA" -2.083 -0.077 0.111 25.333 -12.167 -0.058 -0.017 0 37.5 -2.417 1.325 3.5 -0.667 -0.667 -2.138 3 0.5
"57" "FOR" -5 -0.237 1 -52 -34 -0.049 3.7 0 -18 1 -0.6 -6 -1 -1 -13.56 -7 0
"58" "FRES" 2.846 0.071 -0.121 44 76.538 0.18 1.562 -0.154 -32.538 -2.154 -0.738 -11.615 -0.231 -0.077 2.345 10.231 0.692
"59" "FSU" 5.583 0.188 -0.035 168.417 98.917 0.087 3.3 -0.167 69.5 1.75 1.642 -2.167 -0.167 0 2.34 16.5 0.75
"60" "FUR" -3 0.056 -1 8 30 0.065 -0.9 0 -22 6 -1.6 19 0 0 9.5 -23 0
"61" "GASO" 1 0.055 0.025 -27.583 71.667 0.033 -0.733 0.333 -99.25 -12.417 -1.008 -20.583 0.333 0 -3.683 1.333 0.5
"62" "GAST" 0.167 -0.01 0.034 17.75 -25.25 0.018 1.283 -0.5 43 8.417 0.467 13.5 -0.583 -0.083 -2.27 -1.167 0.333
"63" "GRAM" -25 -0.346 0.4 -470 -181 -0.547 -6.1 1 -289 -21 -4.8 52 1 0 -11.8 -55 0
"64" "GT" -4.75 -0.073 -0.292 -75.583 -20.25 -0.014 -0.917 -0.167 -55.333 -6.167 -0.767 -8.917 -0.917 -0.75 -3.38 -11.25 0.417
"65" "GWEB" -0.667 -0.047 -0.167 -42.333 32 -0.099 -0.567 1.333 -74.333 -12.667 -1.233 -21.667 2 0.667 -5.78 -8.667 0
"66" "HAW" -2.769 -0.035 -0.165 -95.385 -19.308 -0.097 -2.485 0.154 -76.077 -6.846 -1.123 1.615 0.615 0.462 -3.462 -14.923 0.231
"67" "HC" -2 -0.071 0 -7 -67 -0.085 1.8 0 60 14 -0.2 -66 0 0 4.14 6 1
"68" "HCU" -20 -0.09 -1 -337 -259 -0.02 -5.9 0 -78 -20 -0.9 30 0 0 -10.16 -34 0
"69" "HOU" 0.25 0.016 -0.035 33.75 35.417 0.061 0.383 0.25 -1.667 -4.333 0.942 43.5 0.667 0.417 -0.6 3.667 0.583
"70" "HOW" 4 0.279 -1 -6 31 0.15 -1 0 -37 13 -3.4 3 2 2 17.86 -22 0
"71" "IDHO" -6.5 -0.164 0.214 -99.5 -4.5 0.017 1.55 0.5 -95 8.5 -3.7 20.5 -1.5 -2 14.55 -10 0
"72" "IDST" -7.5 -0.124 -0.25 -231.5 -32 -0.1 -1.1 0.5 -199.5 -1.5 -4.8 -26.5 -0.5 -1 0.27 -31 0
"73" "ILL" 6.583 0.111 0.111 122.833 42.917 0.232 1.967 -1.417 79.917 11.833 1.1 17.333 -1.083 0.333 5.567 13.167 0.667
"74" "ILST" -4 -0.171 -1 -197 -33 -0.208 -5.9 2 -164 -11 -3.8 -26 2 0 -1.35 -38 0
"75" "INST" -21 -0.412 -0.333 -376 -195 -0.383 -4.9 2 -181 -9 -3.8 25 2 0 -3.56 -56 0
"76" "IOWA" -2 -0.029 -0.235 -22.5 -15.667 -0.032 0.5 -0.5 -6.833 -2.833 0.242 -5.833 -0.333 0.167 -2.896 3 0.583
"77" "ISU" 4.917 0.132 0.158 84.167 83.5 0.062 -0.183 0.667 0.667 -0.833 0.125 3.5 0.583 -0.083 4.242 -0.083 0.333
"78" "IU" -3.833 -0.092 -0.035 -121 -56.75 -0.114 -2.783 0.5 -64.25 -9.25 -1.025 -21.5 0.417 -0.083 -8.532 -10.667 0.333
"79" "JMU" 8.818 0.132 -0.03 162.273 55.727 0.066 1.364 -0.091 106.545 11.182 2.136 -5.909 -0.182 -0.091 7.285 16.091 0.727
"80" "JVST" -12 -0.252 0.333 -326 -370 -0.368 -6 1 44 14 -0.4 -35 3 2 -12 -37 0
"81" "KENN" -9 -0.225 0 -272 -182 -0.403 -5.3 1 -90 31 -5.4 -90 1 0 16.26 -53 0
"82" "KENT" -0.333 0.026 -0.165 -15.25 -57.917 -0.127 -0.708 0.083 42.667 1.75 0.733 13.75 0 -0.083 -7.745 -0.583 0.417
"83" "KSU" 1.154 0.063 0.08 54.308 -6.385 0.058 1.362 -0.923 60.692 6 0.908 -2.538 -1.077 -0.154 2.963 13.154 0.769
"84" "KU" -4.917 0.041 -0.178 -27.5 -27.667 0.017 1.175 -0.417 0.167 -8.333 1.183 10.333 -0.333 0.083 -2.647 0.333 0.5
"85" "LAF" -11 -0.197 0.667 -251 -132 0.076 -3.1 0 -119 -1 -3 18 -3 -3 2.66 -16 0
"86" "LAM" -7.5 -0.282 -0.2 -193.5 -110.5 -0.265 -3.8 0.5 -83 2.5 -2.65 2 1 0.5 3.345 -33 0
"87" "LIB" 3.25 0.051 -0.156 55.167 21.083 -0.008 0.308 0.083 34.083 1 0.8 -2.167 0.25 0.167 -1.297 3.333 0.667
"88" "LIU" -13.5 -0.312 -0.084 -286.5 -75.5 -0.226 -6.4 0 -211 -11 -4.05 -20 0 0 5.19 -45 0
"89" "LOU" 1 0.026 0.278 58.417 5.167 0.009 0.133 -0.417 53.25 1.833 1.267 11.167 -0.75 -0.333 -0.543 7 0.583
"90" "LSU" 5.462 0.085 0.071 80.923 52.538 0.075 0.346 0 28.385 1.154 0.708 -4.769 0.077 0.077 2.154 8.615 0.692
"91" "LT" -4.583 -0.07 -0.121 -76.5 41.667 0.016 0.233 0.667 -118.167 -6.5 -2.408 -7.833 0.25 -0.417 0.178 -8.917 0.25
"92" "M-OH" -2.833 -0.068 -0.16 -62.417 -70.083 -0.065 -0.05 -0.417 7.667 2.667 -0.058 -7.75 -0.667 -0.25 0.642 -2.25 0.5
"93" "MASS" -4.167 -0.022 -0.062 -103.833 -58.333 -0.055 -3.575 0.333 -45.5 4.5 -1.5 19.75 0 -0.333 2.599 -18.583 0.083
"94" "MCN" -12 -0.525 -0.667 -224 -187 -0.296 -4.7 2 -37 -13 0.8 -47 5 3 -16.4 -42 0
"95" "MD" -0.75 0.022 0.336 43.917 39.833 0.091 1.258 -0.083 4.083 -1.083 0.442 24.167 -0.083 0 1.473 5.083 0.583
"96" "ME" -12.5 -0.351 0.166 -186 -52.5 -0.284 -4.15 0.5 -133.5 -20 -2 15 1.5 1 -11.5 -31 0
"97" "MEM" 2.5 0.033 0.097 49.917 29.583 0.042 1.133 -0.417 20.333 2.667 0.467 -9.917 -0.333 0.083 0.817 7.75 0.5
"98" "MER" -7 -0.056 -0.5 -226 -15 -0.036 -4.6 -2 -211 -10 -4.6 50 -2 0 4.1 -26 0
"99" "MIA" 2.583 0.012 -0.281 -7.75 6.167 0.008 -1.983 -0.167 -13.917 -0.917 -0.358 4.667 0.25 0.417 1.422 -3.167 0.417
"100" "MICH" 8 0.141 0.423 176.385 18.615 0.089 2.677 -0.615 157.769 13.846 2.838 -9.462 -0.615 0 7.802 26.692 1
"101" "MINN" 7.833 0.252 -0.136 124.833 12.25 0.042 2.033 -0.333 112.583 17.167 1.15 -8.583 -0.333 0 10.497 14.917 0.667
"102" "MISS" 4.167 0.083 0.179 111.417 11.667 -0.024 1.175 0.167 99.75 8.583 1.317 11.917 -0.083 -0.25 -7.218 10 0.667
"103" "MIZ" -0.083 0.051 0.056 33.583 2.833 0.046 0.55 -0.083 30.75 3.75 0.558 20.667 0.167 0.25 1.982 0.5 0.5
"104" "MORG" -14 -0.493 0 -254 -289 -0.26 -5.1 2 35 0 1.1 26 3 1 0.62 -52 0
"105" "MOST" -1 0.004 0.5 -188 -28 -0.055 -4.1 -1 -160 -4 -4.3 5 -3 -2 11.7 -11 0
"106" "MRSH" 6.083 0.143 -0.222 113.083 -3.75 0.1 0.2 -0.5 116.833 14.25 1.675 15.917 -0.583 -0.083 4.382 8 0.667
"107" "MSST" 4.583 0.069 0.1 42.833 107.583 0.104 0.083 -0.583 -64.75 -12.083 -0.558 9.75 -0.333 0.25 0.658 8.5 0.667
"108" "MSU" -2.583 -0.066 -0.222 -63.5 2.083 -0.019 -0.625 0.833 -65.583 -11.583 -0.767 -8.75 0.333 -0.5 -7.55 -3 0.417
"109" "MTST" -17 -0.533 0 -269 -223 -0.259 -5.6 3 -46 -10 0.2 -38 3 0 -5 -40 0
"110" "MTSU" -1.333 -0.045 0.205 -23.25 -24.167 0.088 -0.392 -0.583 0.917 0.25 0.017 -7.583 -0.75 -0.167 -2.282 1.083 0.583
"111" "MUR" -18 -0.307 0 -334 -211.5 -0.312 -3.15 0 -122.5 -1.5 -3 -24 0.5 0.5 -2.29 -42 0
"112" "NAU" -17 -0.108 -0.5 -299 -55 -0.055 -5.2 2 -244 -26 -4.4 7 1 -1 -12.35 -37 0
"113" "NAVY" 2 0.014 0.123 -12.083 -164.333 -0.268 -1.917 -0.167 152.25 29.417 1.15 -14.167 -0.25 -0.083 9.267 -2.417 0.333
"114" "NCAT" -2 -0.207 -1 -66 -61 -0.298 -4.8 -1 -5 6 -1 -35 1 2 1.82 -29 0
"115" "NCST" 4.5 0.059 0.125 17.833 -0.417 0.001 -0.133 -0.917 18.25 6.25 -0.058 -5.667 -0.5 0.417 3.932 5.917 0.667
"116" "ND" 3.5 0.097 -0.167 55.583 9.333 0.049 1.083 -0.083 46.25 6 0.475 1.333 0.167 0.25 3.65 8.917 0.667
"117" "NDSU" -2 -0.026 -0.5 13 -105 0.119 2.1 0 118 9 1.7 45 1 1 2.6 -3 0
"118" "NEB" -4.917 -0.02 -0.278 -70.25 -4.5 0.006 0.908 0.333 -65.75 -6.583 -1.067 -10.667 0.25 -0.083 -6.372 -5 0.333
"119" "NEV" -2.667 -0.067 0.221 -90.667 -43.583 -0.006 -3.717 -0.25 -47.083 -2.667 -0.5 -17 -0.167 0.083 -3.027 -12.083 0.167
"120" "NICH" -11.5 -0.136 -0.5 -230.5 -126 -0.183 -4.85 1 -104.5 -14 -1.65 -33.5 1.5 0.5 -6.07 -34.5 0
"121" "NIU" -3.417 -0.054 -0.118 -22.583 -70.167 -0.039 -1.625 0.5 47.583 2.667 0.95 14 -0.25 -0.75 1.598 -5.5 0.25
"122" "NMSU" -3.5 -0.024 0.058 -14.667 -14.333 -0.083 0.567 0.5 -0.333 -5.167 0.492 1.583 0.417 -0.083 -3.993 1.25 0.5
"123" "NORF" -21.5 -0.45 -0.75 -374 -86 -0.394 -0.8 0.5 -288 -19 -5.75 -6 1 0.5 -11.77 -54 0
"124" "NU" -1.25 -0.053 0.018 -39.333 26.917 0.007 -0.958 0.917 -66.25 -2.333 -1.533 -2.5 1.5 0.583 -1.945 -14.583 0.083
"125" "NWST" -13 -0.178 -0.667 -353 -182 -0.126 -7.6 1 -171 -14 -4 8 2 1 -6.8 -54 0
"126" "ODU" -7.583 -0.114 -0.235 -102.917 2.917 -0.082 -1.125 -0.417 -105.833 -21.417 -0.9 9 -0.083 0.333 -11.74 -7.083 0.25
"127" "OHIO" -1.769 0.038 -0.032 -13.077 -8.385 0.003 0.754 -0.462 -4.692 2.154 -0.177 -9.385 -0.923 -0.462 4.538 3.538 0.692
"128" "OKST" 2.333 0.099 -0.077 -25.333 14.25 -0.005 0.083 0.333 -39.583 0.25 -0.983 -22.667 0.333 0 -3.497 2.417 0.583
"129" "ORE" 4.833 -0.029 0.194 121.667 30.833 0.082 1.867 -0.667 90.833 10.167 1.217 17.417 -0.833 -0.167 3.42 12.25 0.75
"130" "ORST" 3.583 0.045 0.444 57.333 -27.833 0.032 1.683 0.083 85.167 11.917 1.092 1.5 0.083 0 4.372 11 0.75
"131" "OSU" 9.333 0.17 0.208 188.75 110.167 0.099 2.758 -0.333 78.583 1.083 2.1 4.583 -0.583 -0.25 1.197 25.25 0.917
"132" "OU" -2 -0.038 0.015 21.667 -5.917 0.001 0.792 -0.667 27.583 0.917 0.742 8.583 -0.5 0.167 -7.953 3.333 0.5
"133" "PITT" 3.75 0.099 -0.139 82.833 -2.917 0.068 1.817 0 85.75 9.917 1.525 17.167 0.167 0.167 5.825 7.417 0.667
"134" "PRST" -6.5 -0.247 0 -189.5 -147.5 -0.099 -4.8 0.5 -42 -1.5 -0.75 -22 1 0.5 5.15 -25 0
"135" "PSU" 4.167 0.062 0.249 114.5 37.583 0.103 1.708 -0.417 76.917 5.417 1.925 -2.583 -0.833 -0.417 2.142 17.833 0.833
"136" "PUR" 6 0.059 0.14 60.231 73.385 0.099 -0.454 0 -13.154 -1.077 -0.285 -1.692 0.077 0.077 4.16 3.462 0.615
"137" "RICE" 1.583 -0.012 0.175 -6.917 16.833 -0.032 -0.25 0.917 -23.75 2.25 -1.233 -5 1.25 0.333 5.665 -8.5 0.417
"138" "RICH" -9 -0.226 0 -175 -86 0.04 -2.8 -1 -89 -7 -1.3 5 -2 -1 -5.6 -17 0
"139" "RMU" -17 -0.284 0.25 -276.5 -84 -0.192 -3.35 0.5 -192.5 -15.5 -3.7 -5 -0.5 -1 -2.15 -28 0
"140" "RUTG" -4.75 -0.049 -0.083 -67.667 -52.917 -0.085 -1.125 0.417 -14.75 0.083 -0.567 17.917 0.5 0.083 -1.615 -11.833 0.333
"141" "SAC" 15 0.436 0.667 142 57 0.076 -1 1 85 14 1.1 -24 0 -1 7.94 31 1
"142" "SAM" -22 -0.308 0 -351 -243 -0.059 -4 0 -108 -15 -2.9 11 1 1 -20.1 -33 0
"143" "SC" -3.167 -0.009 0.208 -10.833 58.25 0.139 1.833 0.083 -69.083 -7.25 -1.175 7.833 0.417 0.333 -1.697 4.167 0.667
"144" "SCST" -14 -0.442 -0.25 -349 -198 -0.366 -5.15 1 -151 -3.5 -3.7 7.5 0 -1 0.17 -43 0
"145" "SDAK" -6 -0.045 -0.5 -122 44 -0.26 -0.9 1 -166 -10 -2.9 41 1 0 -4.64 -34 0
"146" "SDST" -4 -0.047 0 -46 -22 -0.055 -1.1 -1 -24 -5 -0.5 51 -2 -1 -0.45 -4 0
"147" "SDSU" -1.667 -0.074 0.556 -13.667 -35.667 -0.059 0.05 -0.083 22 2.75 0.35 15.5 0.083 0.167 1.688 1.167 0.583
"148" "SELA" -11 -0.24 0.334 -249.5 -77.5 -0.057 -2.95 0 -172 -22 -2 15.5 0.5 0.5 -6.25 -25 0
"149" "SEMO" -11 -0.334 -0.5 -149 -71 -0.306 -3.7 0 -78 -14 -0.4 80 0 0 -5.16 -32 0
"150" "SFA" -8 -0.233 0.5 -211 -55 -0.145 -2.5 0 -156 -5 -3.2 56 2 2 -3.8 -35 0
"151" "SFPA" -1 -0.017 0.5 69 -22 0.023 0.1 1 91 7 1.7 20 1 0 5.54 -7 0
"152" "SHSU" -13 -0.455 1 -299 -296 -0.157 -7.8 -1 -3 -5 0.6 15 0 1 -4.76 -31 0
"153" "SIU" -2 -0.041 0.2 -23 48 0.048 2.1 -1 -71 -9 -1.1 -3 -3 -2 2.06 7 1
"154" "SJSU" 1.636 -0.016 -0.242 23.909 53.545 0.005 0.445 -0.818 -29.636 -8.545 -0.145 -25 -1.091 -0.273 -2.484 7.182 0.636
"155" "SMU" 3 0.13 -0.21 33.833 82.083 0.088 0.992 0.083 -48.25 -4.25 -1 -25 0.167 0.083 -4.368 3.75 0.583
"156" "SOU" -8 -0.383 0 -288 -259 -0.147 -5.8 -1 -29 6 -1.6 -32 3 4 -2.36 -48 0
"157" "STAN" -1.333 0.023 -0.033 -72.5 44.583 0.035 -0.15 0.167 -117.083 -5.583 -2.65 -18.75 1 0.833 -0.217 -10.833 0.25
"158" "STBK" 1 -0.214 -0.5 69 101 -0.161 0.6 1 -32 -12 0.4 40 1 0 -5.64 -17 0
"159" "SUU" -27 -0.417 -1 -513 -310 -0.315 -10.3 2 -203 -21 -3.9 32 1 -1 -12.86 -66 0
"160" "SYR" -0.083 -0.012 -0.021 27.75 35 -0.02 2.283 -0.167 -7.25 -5.083 0.367 5.75 -0.583 -0.417 -3.69 5.667 0.583
"161" "TA&M" -1.333 -0.004 -0.196 -4.333 63.25 0.013 1.267 0.167 -67.583 -12.833 -0.25 -11.833 0.167 0 -4.268 1.583 0.417
"162" "TAR" -15 -0.219 -1 -335 -240 -0.401 -5.1 2 -95 -9 -1.9 0 1 -1 -9.4 -42 0
"163" "TCU" 2.077 0.06 -0.077 87.923 37.385 0.117 1.885 -0.769 50.538 1.769 1.338 2.077 -0.692 0.077 2.515 15.308 0.923
"164" "TEM" -1 -0.05 -0.083 -40.667 69.5 -0.006 0 0.5 -110.167 -15.667 -1.808 -6 0.917 0.417 -5.942 -7.333 0.25
"165" "TENN" 3.083 0.057 0.264 139.333 45.333 0.056 3.158 -0.5 94 5.917 2.092 -2.583 -0.75 -0.25 -9.257 23.833 0.833
"166" "TEX" 2.333 -0.009 -0.054 68.333 -8.25 -0.003 1.683 -0.167 76.583 0.917 1.592 2.917 -0.083 0.083 -4.868 14.5 0.667
"167" "TLSA" 0.917 0.021 -0.16 -2.417 66.833 0.024 0.667 0.333 -69.25 -6.583 -1.142 -2.083 0.167 -0.167 -2.233 -2.5 0.417
"168" "TNST" -9 -0.167 -1 -225 -63 -0.219 -3.4 1 -162 -18 -2.7 -12 1 0 -11.23 -43 0
"169" "TNTC" -7 -0.515 1 -312 -108 -0.265 -7.1 0 -204 13 -7.7 -21 -2 -2 11.2 -46 0
"170" "TOL" 4.385 0.045 0.186 73.846 42.308 0.048 2.062 0.231 31.538 1.769 0.677 -14.077 0.615 0.385 -2.375 6.538 0.615
"171" "TOW" -21 -0.386 -0.25 -444 -210 -0.24 -3.4 0 -234 -13 -4.4 31 1 1 -12.22 -58 0
"172" "TROY" 0.154 -0.064 0.017 48.846 44.538 0.043 3.023 0.154 4.308 -0.385 0.254 0.692 -0.077 -0.231 0.406 8.615 0.846
"173" "TTU" 6.583 -0.009 0.209 45 58.917 0.023 -0.725 0.833 -13.917 0.333 -0.467 -7.917 0.667 -0.167 -0.455 4.083 0.583
"174" "TULN" 3.231 0.029 0.05 91.538 48.308 0.081 2.754 -0.462 43.231 0.692 1.015 -9.385 -0.308 0.154 0.849 14.769 0.846
"175" "TXSO" -2.5 0.155 -0.75 -119 -116 -0.016 -4.2 0.5 -3 11 -1 13 0 -0.5 10.17 -30 0
"176" "TXST" -0.75 -0.001 -0.25 -37.75 -23.833 -0.039 -1.333 -0.083 -13.917 -1.667 -0.35 -8.5 -0.25 -0.167 0.938 -5.25 0.333
"177" "UAB" 1.417 0.023 0.01 73.667 0.833 0.016 1.617 -0.333 72.833 4.5 1.15 8.333 -0.25 0.083 3.603 7.167 0.5
"178" "UAPB" -13 -0.282 0 -308 -221 -0.268 -6.1 -1 -87 4 -3.6 25 -2 -1 15.15 -56 0
"179" "UCD" -5 -0.149 0.6 -28 -26 -0.017 -2.9 1 -2 -7 1.1 -24 1 0 0.04 -21 0
"180" "UCF" 4.538 0.113 0.074 97.231 18.462 0.117 1.3 0.154 78.769 10.077 0.754 4.692 0.154 0 2.542 11.231 0.692
"181" "UCLA" 3.833 0.108 -0.126 108 -14.167 0.031 0.8 -0.167 122.167 7.333 2.483 5.75 -0.167 0 -4.542 11.25 0.75
"182" "UGA" 9.154 0.259 0.185 199.846 69.846 0.109 2.492 -0.308 130 11.231 2.562 4.615 0 0.308 7.58 26.385 1
"183" "UIW" -8 0.167 -0.667 138 104 0.208 9.2 1 34 -6 1.3 67 0 -1 -5.24 14 1
"184" "UK" 2.667 0.014 -0.003 16.167 42.667 0.043 1.65 0.083 -26.5 1.833 -0.708 -12.917 0.083 0 6.078 3 0.583
"185" "UL" 0.75 0.009 0.197 6.083 5.583 -0.004 -0.342 -0.5 0.5 -0.25 0.125 2.583 -0.667 -0.167 -0.677 4.167 0.5
"186" "ULM" -3.75 -0.01 -0.103 -101.5 -27.333 0.01 -1.083 0.083 -74.167 -5.417 -1.283 -22.833 0.583 0.5 -1.055 -12.083 0.333
"187" "UNA" -19 -0.4 -0.667 -369 -223 -0.305 -7.2 2 -146 -13 -2.4 -16 3 1 -7.4 -59 0
"188" "UNC" 1.923 0.061 0.269 35.385 40.846 0.022 0.646 -0.077 -5.462 -0.538 0.169 3.385 0.077 0.154 -0.605 4 0.692
"189" "UNCO" -9 -0.194 -0.167 -146 -12 -0.189 -1.1 2 -134 -23 -2.6 -5 3 1 -12.7 -23 0
"190" "UND" -8 -0.145 0.5 -131 -62 -0.018 -5.7 -1 -69 -8 -0.7 25 -1 0 12.04 -21 0
"191" "UNH" 6 -0.1 0.5 -151 -91 0.082 -6.3 1 -60 14 -3.1 -24 3 2 17.86 -37 0
"192" "UNI" -2 -0.386 0 -286 177 0.125 -9.3 1 -463 -38 -4.4 -6 0 -1 -10.06 -31 0
"193" "UNLV" -3.25 -0.056 -0.012 -31.25 -10.75 0.039 -0.2 -0.667 -20.5 -6.5 0.15 15.583 -0.5 0.167 -2.365 -2.167 0.417
"194" "UNM" -4.5 -0.114 -0.297 -132.667 -97.833 -0.082 -3.375 0 -34.833 -1.833 -0.633 -11.917 -0.25 -0.25 -2.085 -12.917 0.167
"195" "UNT" -1.846 -0.042 -0.045 3.615 -9.538 -0.084 0.823 0.462 13.154 -2 0.354 -12.846 0.385 -0.077 -5.322 2.462 0.538
"196" "URI" -9 -0.329 0.5 -174 34 -0.174 0.4 0 -208 -19 -3.7 -47 0 0 -10.3 -21 0
"197" "USA" 4.5 0.128 -0.083 120.167 42.75 0.05 1.517 -0.167 77.417 11.583 0.95 28.333 -0.417 -0.25 5.653 12.5 0.833
"198" "USC" 2.769 0.082 -0.192 84.769 59.231 0.029 1.515 -1.154 25.538 2 0.569 8.154 -1.615 -0.462 2.675 13.154 0.846
"199" "USF" -6.333 -0.118 0.013 -126.917 -89.083 -0.143 -1.725 0.25 -37.833 -1.5 -0.858 -9.167 0.417 0.167 -1.04 -13.167 0.083
"200" "USM" -1.417 -0.027 0.278 -36 -19.167 -0.06 0.35 -0.167 -16.833 -1.25 -0.158 1.75 0.25 0.417 -2.24 0.75 0.5
"201" "USU" -0.833 -0.083 0.178 -34.333 1.75 0.049 -0.633 0.583 -36.083 2.667 -1.258 16.833 0.583 0 -1.595 -7.333 0.5
"202" "UTAH" 10.385 0.185 0.159 147.385 34.154 0.073 1.1 -0.308 113.231 11.846 2.038 -20.538 -0.615 -0.308 7.109 19.615 0.769
"203" "UTC" -14 -0.181 0 -360 -289 -0.427 -7.1 2 -71 -3 -1.8 -10 1 -1 -3.56 -31 0
"204" "UTEP" 2.333 0.03 -0.126 31.917 0.75 0.004 -0.458 0.583 31.167 5.083 0.175 0 0.417 -0.167 7.56 -2.583 0.417
"205" "UTM" -6.5 -0.454 -0.5 -239.5 -128.5 -0.145 -5.2 0 -111 -21.5 -1.6 -16.5 0.5 0.5 -8.785 -32 0
"206" "UTSA" 6 0.093 0.058 81.231 55.154 0.111 1.062 -0.462 26.077 3.615 0.369 -0.615 -0.462 0 -0.071 12.154 0.846
"207" "UTU" -12 -0.205 0.5 -256 -116 -0.157 -6.2 0 -140 -20 -1.6 -82 -1 -1 -4.36 -26 0
"208" "UVA" -1.9 -0.047 -0.109 -13.6 16.6 -0.072 -0.1 0.7 -30.2 -7.9 -0.3 2.7 0.9 0.2 -4.896 -7 0.3
"209" "VAL" -5 -0.342 0.333 -433 -229 -0.137 -12.5 0 -204 7 -7.5 -24 -1 -1 20.3 -62 0
"210" "VAN" -3.75 -0.027 -0.081 -114.083 -103.167 -0.068 -2.267 0 -10.917 4 -1.175 -8.667 0 0 3.204 -11.417 0.417
"211" "VILL" -5 -0.289 -0.333 -225 74 0.545 3.4 2 -299 -20 -3.7 -25 2 0 -1.44 -39 0
"212" "VMI" -11 -0.249 0.5 -284 -155 -0.199 -5 0 -129 -9 -2.6 -45 1 1 -3.56 -34 0
"213" "VT" -2.727 -0.022 -0.197 -57.091 -32.727 -0.006 -0.336 0.455 -24.364 0.636 -0.555 4.273 0.545 0.091 -1.696 -5.455 0.273
"214" "W&M" 3 -0.194 1 180 8 0.136 5.5 0 172 10 2.9 -3 0 0 4.16 17 1
"215" "WAG" -23 -0.434 -1 -510.5 -177.5 -0.372 -7.55 1 -333 -15 -7.2 -33.5 1 0 -2.97 -59 0
"216" "WAKE" 5.083 0.057 0.01 37.75 41.75 0.046 1.117 0.417 -4 3.333 -0.525 -23.667 0.25 -0.167 -2.815 7.583 0.583
"217" "WASH" 6 0.133 0.111 152.917 135 0.052 1.342 0.083 17.917 -4.833 1.275 13.917 -0.167 -0.25 1.937 14.417 0.833
"218" "WCU" 11 -0.026 0 47 171 0.215 1.8 2 -124 6 -4.1 15 3 1 20.54 -18 0
"219" "WEB" 4 0.393 -0.25 118 45 0.1 5.3 -1 73 20 0 -45 -1 0 11.8 28 1
"220" "WISC" 1.417 0.07 -0.174 57.333 -12.75 -0.022 0.95 -0.417 70.083 3.083 1.483 16.333 -0.167 0.25 1.279 6 0.5
"221" "WIU" -26 -0.559 -1 -485 -213 -0.22 -9.9 1 -272 -33 -4.1 35 0 -1 -18.44 -52 0
"222" "WKU" 2.923 0.042 0.042 102.231 114.231 0.041 1.131 -0.462 -12 -8.769 0.977 -4.385 -0.692 -0.231 -2.058 12.385 0.615
"223" "WMU" -1.417 -0.006 0.09 -50.25 -46.417 -0.096 -1.917 0.167 -3.833 3.167 -0.525 3.917 -0.333 -0.5 0.865 -5.083 0.417
"224" "WOF" -17 -0.265 0 -276 -181 -0.037 -0.9 0 -95 -17 -1.6 -34 0 0 -9.94 -20 0
"225" "WSU" 0.167 -0.003 0.031 -18.333 -3.167 0.037 -0.583 -0.333 -15.167 -5.333 -0.067 -14 -0.417 -0.083 -4.522 5.333 0.583
"226" "WVU" 1.5 0.002 0.08 -13.25 -35.167 -0.009 -2.075 0.667 21.917 0.917 0.442 -5.5 0.583 -0.083 2.647 -2.333 0.417
"227" "WYO" -3.5 -0.044 -0.458 -53.75 -92 -0.115 -1.15 0.417 38.25 1.417 0.95 -9.667 0.083 -0.333 -1.803 -2.667 0.583
"228" "YSU" -17 -0.545 0 -288 -243 -0.396 -5.2 -1 -45 -14 -0.3 -28 -2 -1 -16.34 -31 0
