"diff_1st Downs" "diff_3rd down efficiency" "diff_4th down efficiency" "diff_Total Yards" "diff_Passing" "diff_Comp-Att" "diff_Yards per pass" "diff_Interceptions thrown" "diff_Rushing" "diff_Rushing Attempts" "diff_Yards per rush" "diff_Penalties" "diff_Turnovers" "diff_Fumbles lost" "diff_Possession" "diff_Score" "Result" "Result_num" "Power"
"1" 13 0.2 0.6 135 37 -0.15 -0.4 0 98 34 -1.1 -5 -2 -2 22.96 3 "W" 1 4
"2" -2 -0.2 0.333 102 114 0.033 -0.3 0 -12 -8 0.2 55 1 1 -5.3 -12 "L" 0 4
"3" -7 -0.145 0 -109 -5 -0.0249999999999999 -0.5 1 -104 -18 -1 -30 1 0 -15.86 -7 "L" 0 4
"4" 0 -0.173 0.5 -48 -43 -0.166 -2.7 0 -5 3 -0.4 -21 0 0 3.54 -7 "L" 0 4
"5" -2 -0.077 -1 142 -136 -0.0960000000000001 2.2 -1 278 23 3.9 22 -2 -1 5.1 -3 "L" 0 4
"6" -4 -0.205 0.5 -262 -147 -0.0840000000000001 -7.9 0 -115 8 -4.9 -22 -1 -1 15.46 -33 "L" 0 4
"7" -3 0.115 -0.1 -177 -85 0.0559999999999999 -4.8 0 -92 -13 -1.2 -21 1 1 -0.299999999999997 -12 "L" 0 4
"8" 10 0.019 0.667 67 6 0.044 -0.9 1 61 21 0.4 27 2 1 16.54 -3 "L" 0 4
"9" -2 0 -0.667 -59 59 0.204 1.4 -2 -118 -6 -2.9 18 -2 0 -0.659999999999997 -1 "L" 0 4
"10" -14 -0.556 -1 -251 -127 -0.162 -2.6 1 -124 -29 -0.2 14 -1 -2 -15.6 -20 "L" 0 4
"11" -5 -0.153 -0.5 -49 41 -0.072 0.600000000000001 0 -90 -15 -1.5 1 0 0 -8.1 -3 "L" 0 4
"12" 11 0.183 -1 231 37 0.085 -0.6 -1 194 19 2.8 -3 -3 -2 20.14 17 "W" 1 4
"13" -4 -0.038 0 9 -33 -0.192 -0.199999999999999 0 42 -9 2.5 85 -2 -2 -5.54 7 "W" 1 4
"14" 0 -0.053 1 -136 -199 0.028 -3.6 0 63 8 0.9 -18 -2 -2 10 11 "W" 1 4
"15" -14 -0.123 0.667 -319 -194 -0.108 -5.4 1 -125 5 -4 25 2 1 1.24 -40 "L" 0 4
"16" 11 -0.147 0.5 21 1 0.001 -10.9 1 20 -5 1 -20 2 1 4.74 -19 "L" 0 4
"17" 1 0 1 67 91 -0.015 -2.1 2 -24 -17 2.3 -62 2 0 -3.86 3 "W" 1 4
"18" 2 0.186 -0.5 5 79 -0.12 -2.2 3 -74 -10 -0.2 -26 3 0 -3.54 -14 "L" 0 4
"19" 1 -0.112 0.333 -23 -51 -0.0710000000000001 -3.3 1 28 0 0.9 32 0 -1 -1.94 -4 "L" 0 4
"20" 0 0.285 -0.5 -71 174 -0.028 -0.100000000000001 3 -245 -26 -2.9 -48 4 1 -3.5 -8 "L" 0 4
"21" 7 0.283 0 -31 -121 0.28 -0.2 0 90 28 -1.5 -20 0 0 9.1 5 "W" 1 4
"22" 2 -0.071 -0.2 -5 165 0.0349999999999999 0.8 -1 -170 -14 -3.3 25 0 1 -2.8 -19 "L" 0 4
"23" 7 -0.143 -0.5 82 9 0.0269999999999999 0.199999999999999 1 73 8 0.600000000000001 -50 0 -1 4.1 -2 "L" 0 4
"24" 0 -0.078 0.25 108 -1 0.035 0.4 -1 109 5 3 36 -1 0 4.26 4 "W" 1 4
"25" -4 0.19 -0.5 -77 26 0.021 1.2 1 -103 -12 -1.7 -10 0 -1 -6.94 -4 "L" 0 4
"26" 8 -0.278 0.0670000000000001 322 247 0.292 7.8 -1 75 -33 6.6 3 -2 -1 -19.7 49 "W" 1 4
"27" 6 -0.049 0.75 173 -11 0.021 0.4 -1 184 23 0.899999999999999 14 -3 -2 13.14 25 "W" 1 4
"28" 22 0.22 -1 364 155 0.391 5.5 0 209 16 3.8 7 0 0 -0.739999999999998 39 "W" 1 4
"29" 4 -0.227 1 104 -17 0.119 5.6 0 121 13 1.9 -38 -1 -1 5.4 13 "W" 1 4
"30" 25 0.346 -0.4 470 181 0.547 6.1 -1 289 21 4.8 -52 -1 0 11.8 55 "W" 1 4
"31" 4 0.279 0.5 65 116 0.158 0.8 0 -51 7 -1.8 -11 -1 -1 10.26 17 "W" 1 4
"32" -22 -0.192 0 -331 -147 -0.142 -1.1 0 -184 -16 -4 -36 1 1 -13.5 -22 "L" 0 4
"33" -7 -0.057 0 -204 -2 -0.144 -3 0 -202 -28 -4.9 -10 1 1 -11.96 -28 "L" 0 4
"34" -14 -0.435 0.667 -200 -165 -0.002 0.800000000000001 -1 -35 -27 2.2 37 -1 0 -8.05 2 "W" 1 4
"35" -10 -0.133 -0.5 -153 77 -0.032 -3.6 1 -230 -26 -3.8 21 0 -1 -5.16 -29 "L" 0 4
"36" 19 -0.053 0.333 93 32 0.206 -7.6 -1 61 14 -0.2 -26 -1 0 12.54 10 "W" 1 4
"37" -3 0.129 0 -141 -140 -0.004 -1.5 -1 -1 9 -0.5 -8 -3 -2 9.38 4 "W" 1 4
"38" -7 -0.025 -0.1 167 5 0.0680000000000001 5.6 -2 162 -16 6.6 6 0 2 -18.2 12 "W" 1 4
"39" -1 0.112 -0.333 23 51 0.0710000000000001 3.3 -1 -28 0 -0.9 -32 0 1 1.94 4 "W" 1 4
"40" 0 -0.029 -0.6 -72 161 -0.054 -2.5 0 -233 11 -8 -33 1 1 13.94 -28 "L" 0 4
"41" 7 0.145 0 109 5 0.0249999999999999 0.5 -1 104 18 1 30 -1 0 15.86 7 "W" 1 4
"42" -2 -0.067 0.5 -4 -122 0.02 4.7 2 118 14 2.1 -22 1 -1 1 3 "W" 1 4
"43" 14 0.493 0 254 289 0.26 5.1 -2 -35 0 -1.1 -26 -3 -1 -0.620000000000001 52 "W" 1 4
"44" 2 0.162 -0.5 -7 -28 -0.0519999999999999 0.6 -1 21 5 0 -45 -1 0 1 11 "W" 1 4
"45" -2 -0.105 0.667 -85 110 0.011 -0.800000000000001 -2 -195 -24 -4.4 21 -3 -1 -5 7 "W" 1 4
"46" -8 -0.2 -1 -148 85 -0.015 -0.899999999999999 -1 -233 -38 -0.8 -58 -2 -1 -14.14 -7 "L" 0 4
"47" -9 -0.344 0 -145 -69 0.019 -3.5 1 -76 -30 2.8 -18 2 1 -13.8 -13 "L" 0 4
"48" 2 0.077 1 -142 136 0.0960000000000001 -2.2 1 -278 -23 -3.9 -22 2 1 -5.1 3 "W" 1 4
