"diff_1st Downs" "diff_3rd down efficiency" "diff_4th down efficiency" "diff_Total Yards" "diff_Passing" "diff_Comp-Att" "diff_Yards per pass" "diff_Interceptions thrown" "diff_Rushing" "diff_Rushing Attempts" "diff_Yards per rush" "diff_Penalties" "diff_Turnovers" "diff_Fumbles lost" "diff_Possession" "diff_Score"
"1" -8 -0.295 0.75 -27 -55 0.011 8.9 0 28 20 -1.1 0 2 2 4.24 -3
"2" 5 0.289 0.333 225 -74 -0.545 -3.4 -2 299 20 3.7 25 -2 0 1.44 39
"3" 4 0.1 -0.5 -91 -146 -0.542 -11.7 1 55 23 -1.4 -34 2 1 17.84 -17
"4" 3 0.3 -0.333 125 -149 -0.562 -4.7 -1 274 23 2.5 25 -1 0 -0.740000000000002 25
"5" 4 0.011 0.5 133 -123 -0.25 4.4 -1 256 33 0.699999999999999 33 -1 0 10.7 24
"6" -10 -0.143 0.333 -179 -31 -0.176 -2.7 0 -148 -18 -2.1 -20 0 0 -9.64 -6
"7" -3 0.045 0.5 -50 -116 -0.583 -4.8 -2 66 21 -1.4 -53 -2 0 0.659999999999997 17
"8" -1 0 -0.5 -131 3 -0.083 -4 0 -134 -9 -1.9 -15 -1 -1 -4.9 3
"9" -19 0.053 -0.333 -93 -32 -0.206 7.6 1 -61 -14 0.2 26 1 0 -12.54 -10
"10" -7 0.027 0.167 -81 -85 -0.206 -3.4 1 4 11 -1.1 31 2 1 11.86 -35
"11" 5 0.246 -0.5 93 -114 -0.04 2.5 -1 207 40 1.2 -15 0 1 14.24 -1
"12" 6 0.25 1 161 -78 -0.12 7.6 -2 239 25 3 -30 -4 -2 6.14 37
