"diff_1st Downs" "diff_3rd down efficiency" "diff_4th down efficiency" "diff_Total Yards" "diff_Passing" "diff_Comp-Att" "diff_Yards per pass" "diff_Interceptions thrown" "diff_Rushing" "diff_Rushing Attempts" "diff_Yards per rush" "diff_Penalties" "diff_Turnovers" "diff_Fumbles lost" "diff_Possession" "diff_Score"
"1" 3 -0.083 -0.5 35 88 -0.147 0.5 0 -53 -3 -0.899999999999999 44 -3 -3 -2.96 7
"2" -1 0.105 0.667 -12 -117 -0.094 0.2 0 105 9 2.3 -20 1 1 -2.26 9
"3" -9 -0.274 0.5 -10 -17 0.00800000000000001 1.5 -1 7 -5 0.7 2 0 1 -8.9 1
"4" 16 0.31 1 289 60 0.357 3 1 229 32 1.9 18 2 1 18.26 27
"5" 1 0 -1 8 69 -0.112 -1 0 -61 -30 1 -17 2 2 -12.64 -1
"6" -2 -0.121 -0.667 -113 -7 -0.121 -4.9 1 -106 -8 -1.9 60 2 1 -11.1 -35
"7" 4 0.15 0.333 58 66 0.129 -4.7 0 -8 -6 0.399999999999999 30 -2 -2 -1.8 2
"8" 6 -0.125 0.3 81 -69 -0.077 -0.5 1 150 13 3.6 -30 2 1 10.94 -1
"9" 3 0.032 -0.667 63 -29 0.02 3.1 1 92 5 1.9 -90 0 -1 -2.1 14
"10" 9 0.314 -1 220 171 0.093 5 -1 49 6 0.6 -18 0 1 0.340000000000003 18
"11" -5 0.217 -0.667 -113 -60 -0.022 1.3 -1 -53 -4 -1 -9 -1 0 1.26 2
"12" 14 0.092 -0.167 156 98 -0.127 0.2 0 58 3 1 4 0 0 -4.6 -3
