"diff_1st Downs" "diff_3rd down efficiency" "diff_4th down efficiency" "diff_Total Yards" "diff_Passing" "diff_Comp-Att" "diff_Yards per pass" "diff_Interceptions thrown" "diff_Rushing" "diff_Rushing Attempts" "diff_Yards per rush" "diff_Penalties" "diff_Turnovers" "diff_Fumbles lost" "diff_Possession" "diff_Score"
"1" 1 0 0.5 -13 76 -0.209 -1.1 3 -89 -13 -0.9 -14 3 0 -1.56 -5
"2" -1 -0.017 -0.333 1 -34 0.307 1.5 0 35 10 0 7 1 1 6.06 7
"3" 11 0.355 -0.5 216 142 0.257 2.3 0 74 16 -0.3 5 0 0 21.84 8
"4" -5 -0.188 0.5 -84 -137 -0.186 -1.8 0 53 -8 2.1 8 2 2 -12.24 -2
"5" 12 0.529 -0.667 129 52 -0.015 2.7 1 77 19 -0.5 -11 1 0 7.94 23
"6" 3 0.136 0 67 -106 -0.146 0.2 -2 173 22 2 12 -2 0 6 21
"7" 12 0.186 -0.5 264 39 0.111 0.9 -3 225 2 5.8 0 -4 -1 2 44
"8" -10 -0.307 0 -142 -46 -0.15 3.2 0 -96 -5 -2.4 -14 0 0 -5.96 -11
"9" 17 0.142 -1 209 -12 0.175 -0.9 0 221 23 3.2 -18 0 0 16.44 13
"10" 7 0.092 1 76 -109 0.03 -0.2 -1 185 31 2 30 -1 0 15.34 17
"11" -4 0.189 0 -28 161 0.348 4.5 0 -189 -12 -3.6 27 0 0 -1.3 3
"12" -1 0.0469999999999999 -1 -28 86 0.0670000000000001 1.7 1 -114 -13 -1.7 -16 2 1 -10.76 -11
