"diff_1st Downs" "diff_3rd down efficiency" "diff_4th down efficiency" "diff_Total Yards" "diff_Passing" "diff_Comp-Att" "diff_Yards per pass" "diff_Interceptions thrown" "diff_Rushing" "diff_Rushing Attempts" "diff_Yards per rush" "diff_Penalties" "diff_Turnovers" "diff_Fumbles lost" "diff_Possession" "diff_Score"
"1" 13 0.487 1 204 8 0.076 2 0 196 32 1.6 25 2 2 9.18 25
"2" -19 -0.212 0 -268 -209 0.0339999999999999 -6.6 0 -59 -24 0.5 6 2 2 -9.74 -34
"3" 6 0.471 1 126 -27 -0.227 1 -2 153 29 2.1 -7 -1 1 13.2 5
"4" -5 -0.031 -0.5 -55 -86 0.0259999999999999 2.3 -3 31 9 0.2 30 -5 -2 1.56 10
"5" 0 0.025 -0.5 -17 -206 -0.097 -3.2 -1 189 13 3.4 -10 -2 -1 0.460000000000001 17
"6" -14 -0.092 0.167 -156 -98 0.127 -0.2 0 -58 -3 -1 -4 0 0 4.6 3
"7" -10 0 1 -178 -162 -0.251 -5.5 2 -16 -15 1.5 -25 1 -1 -3.44 -11
"8" -20 -0.549 0 -355 -249 -0.558 -9.3 0 -106 -10 -1.9 21 1 1 -8.24 -59
"9" -21 -0.547 0 -332 -284 -0.0499999999999999 -4.4 -1 -48 -1 -1.3 -2 -1 0 -10.96 -31
"10" 3 0.176 0.667 -7 -149 0.099 -0.6 -2 142 23 -0.3 -2 -3 -1 8.5 21
"11" -6 -0.169 0 -33 -18 0.331 2.1 0 -15 -2 -0.2 85 1 1 0.759999999999998 -4
"12" 3 -0.045 -0.5 50 116 0.583 4.8 2 -66 -21 1.4 53 2 0 -0.659999999999997 -17
