"diff_1st Downs" "diff_3rd down efficiency" "diff_4th down efficiency" "diff_Total Yards" "diff_Passing" "diff_Comp-Att" "diff_Yards per pass" "diff_Interceptions thrown" "diff_Rushing" "diff_Rushing Attempts" "diff_Yards per rush" "diff_Penalties" "diff_Turnovers" "diff_Fumbles lost" "diff_Possession" "diff_Score"
"1" -1 0.214 0.5 -69 -101 0.161 -0.6 -1 32 12 -0.399999999999999 -40 -1 0 5.64 17
"2" -9 -0.314 1 -220 -171 -0.093 -5 1 -49 -6 -0.6 18 0 -1 -0.340000000000003 -18
"3" -4 -0.247 -1 -260 -169 -0.224 -3.2 -3 -91 3 -2.6 -14 -3 0 -5.34 -27
"4" -6 0.2 -0.5 -75 -126 -0.024 -5.4 1 51 0 1.6 26 1 0 -1.9 -10
"5" -6 -0.25 -1 -161 78 0.12 -7.6 2 -239 -25 -3 30 4 2 -6.14 -37
"6" -6 0.014 0.417 -152 -156 -0.227 -6.4 3 4 19 -1.6 27 2 -1 6.5 -32
"7" -14 -0.122 -0.25 -158 -129 -0.05 -4 0 -29 17 -2.5 95 1 1 10.6 -45
"8" -5 -0.106 -0.25 -54 -126 -0.137 -5.1 0 72 12 0.8 58 -2 -2 6.56 -28
"9" -7 -0.052 0.5 -84 -35 -0.098 -0.3 -1 -49 5 -1.5 35 -2 -1 3.26 -7
"10" 0 -0.025 0.5 17 206 0.097 3.2 1 -189 -13 -3.4 10 2 1 -0.460000000000001 -17
"11" 14 0.435 -0.667 200 165 0.002 -0.800000000000001 1 35 27 -2.2 -37 1 0 8.05 -2
"12" -6 -0.012 0 -230 -136 -0.188 -7.7 0 -94 3 -2.6 29 -3 -3 4.76 -17
