"diff_1st Downs" "diff_3rd down efficiency" "diff_4th down efficiency" "diff_Total Yards" "diff_Passing" "diff_Comp-Att" "diff_Yards per pass" "diff_Interceptions thrown" "diff_Rushing" "diff_Rushing Attempts" "diff_Yards per rush" "diff_Penalties" "diff_Turnovers" "diff_Fumbles lost" "diff_Possession" "diff_Score"
"1" -3 0.194 -1 -180 -8 -0.136 -5.5 0 -172 -10 -2.9 3 0 0 -4.16 -17
"2" -2 -0.5 -0.429 -224 -127 -0.344 -6.7 -1 -97 0 -3.5 -8 -1 0 2.46 -35
"3" 7 0.182 0 22 174 -0.161 -3.3 1 -152 -18 -1.9 -21 2 1 -7.34 -6
"4" -4 0 -0.083 -116 -29 -0.184 -2.6 2 -87 -15 -1.3 -12 4 2 -9.26 -19
"5" -3 -0.156 0.25 -208 -238 -0.0509999999999999 -4.6 2 30 30 -4.3 60 3 1 19.14 -52
"6" 1 0.133 -1 64 55 -0.075 2 -2 9 -4 0.8 -14 -2 0 -4.6 5
"7" -15 -0.318 -1 -203 -47 -0.109 -2.8 1 -156 -26 -1.7 31 1 0 -9.86 -30
"8" -8 -0.267 0 -101 58 0.074 -0.799999999999999 0 -159 -32 -0.4 -8 -1 -1 -1.5 1
"9" -7 -0.054 -1 -253 -37 -0.16 -3.5 2 -216 -11 -4.7 -16 1 -1 6.86 -36
"10" -15 -0.085 -0.417 -183 -17 -0.0750000000000001 -1.8 1 -166 -29 -0.6 26 2 1 -12.04 -14
"11" 5 0 0.167 144 57 0.305 7.2 -1 87 13 0.5 -2 -1 0 3.9 33
"12" 6 0.125 -0.75 83 74 -0.188 -1.3 0 9 -4 0.6 30 0 0 5.46 -10
