"diff_1st Downs" "diff_3rd down efficiency" "diff_4th down efficiency" "diff_Total Yards" "diff_Passing" "diff_Comp-Att" "diff_Yards per pass" "diff_Interceptions thrown" "diff_Rushing" "diff_Rushing Attempts" "diff_Yards per rush" "diff_Penalties" "diff_Turnovers" "diff_Fumbles lost" "diff_Possession" "diff_Score"
"1" 8 0.233 -0.5 211 55 0.145 2.5 0 156 5 3.2 -56 -2 -2 3.8 35
"2" -9 0.052 0.25 -121 -54 0.216 3.6 -3 -67 -5 -1.3 18 -2 1 -9.06 10
"3" -5 -0.227 0.133 -114 21 -0.0519999999999999 -1.5 1 -135 -6 -2.5 -17 -2 -3 -6.76 -1
"4" -8 0.039 -0.5 26 85 -0.064 3.3 -2 -59 -9 -0.5 28 -4 -2 2.14 16
"5" 3 -0.231 0.5 -30 156 0.0580000000000001 -0.8 0 -186 -10 -2.7 11 0 0 2.16 -10
"6" -9 -0.147 -0.5 -211 101 -0.0800000000000001 -0.5 2 -312 -28 -6 -35 1 -1 -3.06 -28
"7" -11 -0.134 -1 -204 70 -0.0359999999999999 0.3 3 -274 -19 -6.9 -17 3 0 -2.8 -28
"8" -6 -0.25 0.667 -81 37 -0.121 -1.2 3 -118 -6 -3 -46 4 1 2.3 -24
"9" -5 0.054 -0.5 -167 228 0.179 2.2 -1 -395 -9 -8 19 -1 0 6.74 -20
"10" 0 0.059 0 62 -65 0.0539999999999999 -0.3 0 127 15 2.3 -11 0 0 6.54 -8
"11" -12 -0.153 -1 -225 -79 -0.183 -2.8 3 -146 -10 -2.7 -2 4 1 -4.46 -44
"12" -1 -0.133 1 -64 -55 0.075 -2 2 -9 4 -0.8 14 2 0 4.6 -5
