"diff_1st Downs" "diff_3rd down efficiency" "diff_4th down efficiency" "diff_Total Yards" "diff_Passing" "diff_Comp-Att" "diff_Yards per pass" "diff_Interceptions thrown" "diff_Rushing" "diff_Rushing Attempts" "diff_Yards per rush" "diff_Penalties" "diff_Turnovers" "diff_Fumbles lost" "diff_Possession" "diff_Score"
"1" -2 -0.205 0.333 -154 -206 -0.264 -6 2 52 15 -0.4 -2 1 -1 7.76 -38
"2" 6 0.015 1 149 20 -0.113 2.6 1 129 1 2.6 -61 0 -1 -4.3 32
"3" -3 -0.088 0.5 49 -114 0.194 2.7 -1 163 22 1.2 55 0 1 7.14 17
"4" 5 -0.054 0.5 167 -228 -0.179 -2.2 1 395 9 8 -19 1 0 -6.74 20
"5" 15 0.488 -1 365 269 0.15 8.1 0 96 17 0.5 -12 1 1 7.9 38
"6" -3 0.225 -0.5 -53 -26 -0.0389999999999999 -3.4 -1 -27 -14 1.1 -20 -2 -1 -11.44 4
"7" 2 0.111 0.667 -1 -57 0.114 2 0 56 11 0.4 15 0 0 2.84 18
"8" -8 -0.327 -0.75 -102 94 -0.211 2.4 2 -196 -12 -2.9 -25 2 0 -17.9 -31
"9" 4 0.033 0 139 230 -0.115 2.5 1 -91 -14 -1 -16 2 1 -5.5 -10
"10" -19 -0.089 -0.667 -148 87 -0.191 4.5 0 -235 -33 -3.8 23 0 0 -16.76 -4
"11" 2 -0.054 -0.5 75 25 0.141 5 -1 50 6 0.5 -45 -2 -1 -1.84 27
"12" -10 -0.298 -0.167 -234 -68 -0.183 -4.9 0 -166 -22 -1.7 -30 0 0 -14.9 -20
"13" -13 -0.3 0 -205 -150 -0.401 -2.6 2 -55 -12 0.100000000000001 -30 2 0 -15.44 -21
"14" 0 0.115 0.167 -20 122 -0.0629999999999999 1 2 -142 -10 -2 -19 2 0 -4.56 -3
