"diff_1st Downs" "diff_3rd down efficiency" "diff_4th down efficiency" "diff_Total Yards" "diff_Passing" "diff_Comp-Att" "diff_Yards per pass" "diff_Interceptions thrown" "diff_Rushing" "diff_Rushing Attempts" "diff_Yards per rush" "diff_Penalties" "diff_Turnovers" "diff_Fumbles lost" "diff_Possession" "diff_Score"
"1" 4 -0.202 0 95 131 -0.0659999999999999 1.1 1 -36 -16 0.5 -21 0 -1 -10.9 -2
"2" -1 -0.325 0.5 89 212 0.145 5.8 -2 -123 -23 -0.600000000000001 35 0 2 -16.04 28
"3" 4 -0.033 0.417 5 -100 -0.0279999999999999 0.2 0 105 21 0.2 4 1 1 0.0600000000000023 3
"4" 19 0.089 0.667 148 -87 0.191 -4.5 0 235 33 3.8 -23 0 0 16.76 4
"5" 12 0.153 1 225 79 0.183 2.8 -3 146 10 2.7 2 -4 -1 4.46 44
"6" -6 -0.064 -0.5 -40 137 0.187 6.1 -2 -177 -9 -3.7 10 -2 0 -12.34 3
"7" 13 0.3 0 205 150 0.401 2.6 -2 55 12 -0.100000000000001 30 -2 0 15.44 21
"8" 8 0.295 -0.75 27 55 -0.011 -8.9 0 -28 -20 1.1 0 -2 -2 -4.24 3
"9" 8 0.198 -1 -51 108 -0.002 -0.3 1 -159 8 -5.1 -43 1 0 12.7 -21
"10" 12 0.361 0.667 138 55 0.143 4.9 3 83 27 -1 12 3 0 9.24 15
"11" 4 0.304 0.25 110 117 0.102 3 -1 -7 0 -0.2 -22 1 2 -4.2 20
"12" 0 0.171 -0.6 -59 -47 0.018 0.699999999999999 -1 -12 4 -0.8 -23 -1 0 -2.9 6
"13" 1 -0.04 0.1 164 -93 0.176 0.3 0 257 0 8 31 -1 -1 -8.96 34
"14" 2 0.094 -0.167 192 81 0.00600000000000001 -0.100000000000001 0 111 -10 3.7 83 3 3 -5.44 -6
