"diff_1st Downs" "diff_3rd down efficiency" "diff_4th down efficiency" "diff_Total Yards" "diff_Passing" "diff_Comp-Att" "diff_Yards per pass" "diff_Interceptions thrown" "diff_Rushing" "diff_Rushing Attempts" "diff_Yards per rush" "diff_Penalties" "diff_Turnovers" "diff_Fumbles lost" "diff_Possession" "diff_Score"
"1" 19 -0.053 0.333 93 32 0.206 -7.6 -1 61 14 -0.2 -26 -1 0 12.54 10
"2" -3 0.129 0 -141 -140 -0.004 -1.5 -1 -1 9 -0.5 -8 -3 -2 9.38 4
"3" -7 -0.025 -0.1 167 5 0.0680000000000001 5.6 -2 162 -16 6.6 6 0 2 -18.2 12
"4" -1 0.112 -0.333 23 51 0.0710000000000001 3.3 -1 -28 0 -0.9 -32 0 1 1.94 4
"5" 0 -0.029 -0.6 -72 161 -0.054 -2.5 0 -233 11 -8 -33 1 1 13.94 -28
"6" 7 0.145 0 109 5 0.0249999999999999 0.5 -1 104 18 1 30 -1 0 15.86 7
"7" -2 -0.067 0.5 -4 -122 0.02 4.7 2 118 14 2.1 -22 1 -1 1 3
"8" 11 0.183 -1 231 37 0.085 -0.6 -1 194 19 2.8 -3 -3 -2 20.14 17
"9" -4 -0.038 0 9 -33 -0.192 -0.199999999999999 0 42 -9 2.5 85 -2 -2 -5.54 7
"10" 0 -0.053 1 -136 -199 0.028 -3.6 0 63 8 0.9 -18 -2 -2 10 11
"11" -14 -0.123 0.667 -319 -194 -0.108 -5.4 1 -125 5 -4 25 2 1 1.24 -40
"12" 11 -0.147 0.5 21 1 0.001 -10.9 1 20 -5 1 -20 2 1 4.74 -19
