"diff_1st Downs" "diff_3rd down efficiency" "diff_4th down efficiency" "diff_Total Yards" "diff_Passing" "diff_Comp-Att" "diff_Yards per pass" "diff_Interceptions thrown" "diff_Rushing" "diff_Rushing Attempts" "diff_Yards per rush" "diff_Penalties" "diff_Turnovers" "diff_Fumbles lost" "diff_Possession" "diff_Score"
"1" 14 0.493 0 254 289 0.26 5.1 -2 -35 0 -1.1 -26 -3 -1 -0.620000000000001 52
"2" 2 0.162 -0.5 -7 -28 -0.0519999999999999 0.6 -1 21 5 0 -45 -1 0 1 11
"3" -2 -0.105 0.667 -85 110 0.011 -0.800000000000001 -2 -195 -24 -4.4 21 -3 -1 -5 7
"4" -8 -0.2 -1 -148 85 -0.015 -0.899999999999999 -1 -233 -38 -0.8 -58 -2 -1 -14.14 -7
"5" -9 -0.344 0 -145 -69 0.019 -3.5 1 -76 -30 2.8 -18 2 1 -13.8 -13
"6" 2 0.077 1 -142 136 0.0960000000000001 -2.2 1 -278 -23 -3.9 -22 2 1 -5.1 3
"7" 1 0 1 67 91 -0.015 -2.1 2 -24 -17 2.3 -62 2 0 -3.86 3
"8" 2 0.186 -0.5 5 79 -0.12 -2.2 3 -74 -10 -0.2 -26 3 0 -3.54 -14
"9" 1 -0.112 0.333 -23 -51 -0.0710000000000001 -3.3 1 28 0 0.9 32 0 -1 -1.94 -4
"10" 0 0.285 -0.5 -71 174 -0.028 -0.100000000000001 3 -245 -26 -2.9 -48 4 1 -3.5 -8
"11" 7 0.283 0 -31 -121 0.28 -0.2 0 90 28 -1.5 -20 0 0 9.1 5
"12" 2 -0.071 -0.2 -5 165 0.0349999999999999 0.8 -1 -170 -14 -3.3 25 0 1 -2.8 -19
