"diff_1st Downs" "diff_3rd down efficiency" "diff_4th down efficiency" "diff_Total Yards" "diff_Passing" "diff_Comp-Att" "diff_Yards per pass" "diff_Interceptions thrown" "diff_Rushing" "diff_Rushing Attempts" "diff_Yards per rush" "diff_Penalties" "diff_Turnovers" "diff_Fumbles lost" "diff_Possession" "diff_Score"
"1" 21 0.279 0 429 180 0.0600000000000001 5.5 0 249 24 4.6 27 -1 -1 13.84 37
"2" 15 0.4 1 250 24 0.351 -0.0999999999999996 -1 226 18 5 1 -2 -1 11.24 56
"3" 11 0.295 0 214 117 0.119 5.1 -1 97 18 0.8 -49 -1 0 7.84 27
"4" -2 -0.167 -0.5 -79 5 -0.113 -0.399999999999999 2 -84 -7 -1.6 -27 2 0 -3.14 -14
"5" 13 0.412 0 168 98 0.245 -1.6 0 70 10 1.1 -24 3 3 10.5 2
"6" 14 0.123 -0.667 319 194 0.108 5.4 -1 125 -5 4 -25 -2 -1 -1.24 40
"7" 4 -0.19 0.5 77 -26 -0.021 -1.2 -1 103 12 1.7 10 0 1 6.94 4
"8" 22 0.192 0 331 147 0.142 1.1 0 184 16 4 36 -1 -1 13.5 22
"9" 2 0.105 -0.667 85 -110 -0.011 0.800000000000001 2 195 24 4.4 -21 3 1 5 -7
"10" -14 -0.231 -0.5 -274 -171 -0.433 -7.7 0 -103 -9 -1.5 -3 -1 -1 -0.740000000000002 -24
"11" 11 0.23 0.5 265 155 0.28 8.1 -1 110 22 1 10 -2 -1 16.4 34
