"diff_1st Downs" "diff_3rd down efficiency" "diff_4th down efficiency" "diff_Total Yards" "diff_Passing" "diff_Comp-Att" "diff_Yards per pass" "diff_Interceptions thrown" "diff_Rushing" "diff_Rushing Attempts" "diff_Yards per rush" "diff_Penalties" "diff_Turnovers" "diff_Fumbles lost" "diff_Possession" "diff_Score"
"1" 9 0.196 0 118 26 0.159 4 -1 92 16 1 -4 -1 0 2.5 28
"2" -3 0.011 -0.333 65 -76 -0.072 0.9 0 141 1 3.5 -35 0 0 -5.5 4
"3" 4 0.038 0 -9 33 0.192 0.199999999999999 0 -42 9 -2.5 -85 2 2 5.54 -7
"4" 4 0.1 1 13 76 0 1.8 1 -63 -3 -1.8 -20 4 3 -3.04 1
"5" -8 0.23 0.5 -217 -61 -0.017 -6.3 0 -156 -13 -2.5 -27 0 0 3.34 -10
"6" -10 -0.01 -1 -124 -82 0.00600000000000001 -1.3 0 -42 12 -2.4 38 0 0 10.86 -42
"7" -12 0.068 -0.333 -340 -145 -0.15 -8 -1 -195 1 -5 -35 -1 0 12.76 -56
"8" -4 -0.279 -0.5 -65 -116 -0.158 -0.8 0 51 -7 1.8 11 1 1 -10.26 -17
"9" -7 -0.212 1 -177 -49 -0.017 1 1 -128 -10 -2.6 -37 1 0 -3.4 -7
"10" -4 -0.011 -0.5 -133 123 0.25 -4.4 1 -256 -33 -0.699999999999999 -33 1 0 -10.7 -24
"11" -12 -0.292 -0.571 -235 -124 -0.074 -0.5 0 -111 -28 -0.6 20 -1 -1 -9.36 3
"12" -2 0.038 -0.5 -114 67 -0.002 0.4 0 -181 -10 -3.6 -67 1 1 -5.4 -18
