"diff_1st Downs" "diff_3rd down efficiency" "diff_4th down efficiency" "diff_Total Yards" "diff_Passing" "diff_Comp-Att" "diff_Yards per pass" "diff_Interceptions thrown" "diff_Rushing" "diff_Rushing Attempts" "diff_Yards per rush" "diff_Penalties" "diff_Turnovers" "diff_Fumbles lost" "diff_Possession" "diff_Score"
"1" 28 0.5 0.5 498 148 0.438 1.7 0 350 20 6.5 11 0 0 12.3 52
"2" 14 0.286 0 278 61 0.292 1.7 -2 217 34 3.5 71 -3 -1 16.86 21
"3" 1 -0.242 -0.167 -62 -93 0.141 -1.7 1 31 10 0 -12 2 1 3.4 -10
"4" 0 0.053 -1 136 199 -0.028 3.6 0 -63 -8 -0.9 18 2 2 -10 -11
"5" 0 0.173 -0.5 48 43 0.166 2.7 0 5 -3 0.4 21 0 0 -3.54 7
"6" 6 0.029 0 121 -95 -0.098 -3.8 0 216 -1 5.3 2 0 0 0.439999999999998 5
"7" -1 0 -0.5 13 -76 0.209 1.1 -3 89 13 0.9 14 -3 0 1.56 5
"8" 4 0.078 -1 170 56 0.0670000000000001 3 1 114 10 2.3 10 3 2 -3.6 -3
"9" 2 0.207 -0.5 -247 -243 -0.076 -9.1 -1 -4 17 -1.2 -5 -2 -1 1.86 -9
"10" 2 0.167 0.5 79 -5 0.113 0.399999999999999 -2 84 7 1.6 27 -2 0 3.14 14
"11" 8 0.12 0 178 -109 -0.002 -0.7 1 287 42 4.5 16 -2 -3 16.36 12
"12" 9 0.344 0 145 69 -0.019 3.5 -1 76 30 -2.8 18 -2 -1 13.8 13
