"diff_1st Downs" "diff_3rd down efficiency" "diff_4th down efficiency" "diff_Total Yards" "diff_Passing" "diff_Comp-Att" "diff_Yards per pass" "diff_Interceptions thrown" "diff_Rushing" "diff_Rushing Attempts" "diff_Yards per rush" "diff_Penalties" "diff_Turnovers" "diff_Fumbles lost" "diff_Possession" "diff_Score"
"1" -5 -0.161 0.5 -84 -32 -0.183 -0.8 -4 -52 -6 -1 -41 -3 1 -11.84 3
"2" -10 -0.019 -0.667 -67 -6 -0.044 0.9 -1 -61 -21 -0.4 -27 -2 -1 -16.54 3
"3" -3 -0.032 0.667 -63 29 -0.02 -3.1 -1 -92 -5 -1.9 90 0 1 2.1 -14
"4" -7 -0.283 0 31 121 -0.28 0.2 0 -90 -28 1.5 20 0 0 -9.1 -5
"5" -8 -0.12 0 -178 109 0.002 0.7 -1 -287 -42 -4.5 -16 2 3 -16.36 -12
"6" -11 -0.23 -0.5 -265 -155 -0.28 -8.1 1 -110 -22 -1 -10 2 1 -16.4 -34
"7" -18 -0.415 -0.667 -241 5 -0.041 2.3 1 -246 -32 -4.6 22 2 1 -21.74 -18
"8" -6 -0.171 -0.5 -189 -49 0.081 -1.3 0 -140 -13 -2.3 -5 -2 -2 -7.06 -2
"9" 0 0.029 0.6 72 -161 0.054 2.5 0 233 -11 8 33 -1 -1 -13.94 28
"10" -12 -0.126 -0.75 -130 62 -0.157 -2.5 1 -192 -40 -2.3 -11 1 0 -14.34 -14
"11" -4 0.227 -1 -104 17 -0.119 -5.6 0 -121 -13 -1.9 38 1 1 -5.4 -13
"12" -7 -0.062 -0.5 -17 95 -0.003 1.3 -1 -112 -24 -0.4 15 -1 0 -10.26 -7
