"diff_1st Downs" "diff_3rd down efficiency" "diff_4th down efficiency" "diff_Total Yards" "diff_Passing" "diff_Comp-Att" "diff_Yards per pass" "diff_Interceptions thrown" "diff_Rushing" "diff_Rushing Attempts" "diff_Yards per rush" "diff_Penalties" "diff_Turnovers" "diff_Fumbles lost" "diff_Possession" "diff_Score"
"1" 14 0.077 1 343 226 0.207 5.7 -1 117 12 2.3 71 -2 -1 9.64 41
"2" 6 0.25 -0.667 81 -37 0.121 1.2 -3 118 6 3 46 -4 -1 -2.3 24
"3" 7 0.212 -1 177 49 0.017 -1 -1 128 10 2.6 37 -1 0 3.4 7
"4" -1 0.225 0 -11 87 -0.03 -1.8 0 -98 -20 -1.7 25 0 0 -6.8 -4
"5" -1 0.094 0.333 152 131 0.017 4.7 -1 21 14 -0.7 76 -1 0 7.1 17
"6" 7 0.062 0.5 17 -95 0.003 -1.3 1 112 24 0.4 -15 1 0 10.26 7
"7" 9 0.105 -0.333 139 70 0.134 2.1 1 69 21 -0.2 30 0 -1 16.4 14
"8" -1 0.105 -1 -8 -26 0.0549999999999999 -2.2 1 18 -3 0.9 -7 0 -1 5.9 -1
"9" 4 0.196 -0.667 87 130 -0.172 2.8 -1 -43 7 -2.2 -6 -1 0 0.600000000000001 3
"10" 7 0.057 0 204 2 0.144 3 0 202 28 4.9 10 -1 -1 11.96 28
"11" 8 0.2 1 148 -85 0.015 0.899999999999999 1 233 38 0.8 58 2 1 14.14 7
"12" -5 -0.043 -0.167 113 61 0.095 4.1 1 52 2 1.3 15 2 1 -2.46 7
