"diff_1st Downs" "diff_3rd down efficiency" "diff_4th down efficiency" "diff_Total Yards" "diff_Passing" "diff_Comp-Att" "diff_Yards per pass" "diff_Interceptions thrown" "diff_Rushing" "diff_Rushing Attempts" "diff_Yards per rush" "diff_Penalties" "diff_Turnovers" "diff_Fumbles lost" "diff_Possession" "diff_Score"
"1" -4 -0.15 -0.333 -58 -66 -0.129 4.7 0 8 6 -0.399999999999999 -30 2 2 1.8 -2
"2" 13 0.178 0.667 353 182 0.126 7.6 -1 171 14 4 -8 -2 -1 6.8 54
"3" 2 0 0.667 59 -59 -0.204 -1.4 2 118 6 2.9 -18 2 0 0.659999999999997 1
"4" -3 0.081 0 -100 -181 0.032 2.6 -2 81 19 0.7 -5 -2 0 6.44 15
"5" -15 -0.286 1 -319 36 -0.246 -0.5 1 -355 -31 -5.4 -28 1 0 -13.4 -28
"6" 5 0.043 0.167 -113 -61 -0.095 -4.1 -1 -52 -2 -1.3 -15 -2 -1 2.46 -7
"7" 1 -0.111 0 125 -114 -0.039 2.1 -1 239 7 5.6 -2 1 2 -5.26 14
"8" -12 -0.144 0 -219 -69 -0.117 -1.2 0 -150 -26 -2.6 -19 2 2 -14 -23
"9" -13 -0.125 0.167 -198 -53 0.025 -0.7 -1 -145 -20 -2.1 25 -1 0 -12.04 3
"10" -5 0.012 1 -133 -80 -0.196 -5.8 1 -53 -9 -1.1 50 2 1 -9.6 -17
"11" 5 0.225 1 75 -62 0.087 1.4 1 137 29 3 20 2 1 8.34 6
"12" 2 0.067 -0.5 4 122 -0.02 -4.7 -2 -118 -14 -2.1 22 -1 1 -1 -3
"13" 8 -0.23 -0.5 217 61 0.017 6.3 0 156 13 2.5 27 0 0 -3.34 10
