"diff_1st Downs" "diff_3rd down efficiency" "diff_4th down efficiency" "diff_Total Yards" "diff_Passing" "diff_Comp-Att" "diff_Yards per pass" "diff_Interceptions thrown" "diff_Rushing" "diff_Rushing Attempts" "diff_Yards per rush" "diff_Penalties" "diff_Turnovers" "diff_Fumbles lost" "diff_Possession" "diff_Score"
"1" 3 0.222 -0.333 139 -25 -0.125 3 -1 164 21 2.5 5 0 1 4.06 29
"2" 20 0.09 1 337 259 0.02 5.9 0 78 20 0.9 -30 0 0 10.16 34
"3" 2 0.2 -0.333 -102 -114 -0.033 0.3 0 12 8 -0.2 -55 -1 -1 5.3 12
"4" -5 -0.225 -1 -75 62 -0.087 -1.4 -1 -137 -29 -3 -20 -2 -1 -8.34 -6
"5" 5 0.153 0.5 49 -41 0.072 -0.600000000000001 0 90 15 1.5 -1 0 0 8.1 3
"6" -12 -0.078 -0.5 -80 -138 -0.175 -3.6 0 58 1 1.4 10 1 1 -1.14 -28
"7" 2 0.114 -0.5 4 149 -0.146 -1.6 2 -145 -18 -3.5 45 4 2 1.1 -24
"8" -6 -0.078 -0.5 -233 -22 0.0600000000000001 -2.2 -1 -211 -3 -5.5 -30 -2 -1 3.06 -35
"9" -11 -0.295 0 -214 -117 -0.119 -5.1 1 -97 -18 -0.8 49 1 0 -7.84 -27
"10" -4 0.083 0 -113 -92 0.0850000000000001 -4.2 -1 -21 -6 0 -19 -1 0 0.859999999999999 -3
"11" -4 -0.1 -1 -13 -76 0 -1.8 -1 63 3 1.8 20 -4 -3 3.04 -1
"12" 1 -0.094 -0.333 -152 -131 -0.017 -4.7 1 -21 -14 0.7 -76 1 0 -7.1 -17
