"diff_1st Downs" "diff_3rd down efficiency" "diff_4th down efficiency" "diff_Total Yards" "diff_Passing" "diff_Comp-Att" "diff_Yards per pass" "diff_Interceptions thrown" "diff_Rushing" "diff_Rushing Attempts" "diff_Yards per rush" "diff_Penalties" "diff_Turnovers" "diff_Fumbles lost" "diff_Possession" "diff_Score"
"1" 5 0.031 0.5 166 172 0.154 4.1 0 -6 -10 0.5 -19 1 1 -8.06 21
"2" -2 -0.207 0.5 247 243 0.076 9.1 1 4 -17 1.2 5 2 1 -1.86 9
"3" 5 -0.012 -1 133 80 0.196 5.8 -1 53 9 1.1 -50 -2 -1 9.6 17
"4" 4 -0.083 0 113 92 -0.0850000000000001 4.2 1 21 6 0 19 1 0 -0.859999999999999 3
"5" -5 -0.246 0.5 -93 114 0.04 -2.5 1 -207 -40 -1.2 15 0 -1 -14.24 1
"6" 2 -0.038 0.5 114 -67 0.002 -0.4 0 181 10 3.6 67 -1 -1 5.4 18
"7" -11 0.147 -0.5 -21 -1 -0.001 10.9 -1 -20 5 -1 20 -2 -1 -4.74 19
"8" -2 -0.094 0.167 -192 -81 -0.00600000000000001 0.100000000000001 0 -111 10 -3.7 -83 -3 -3 5.44 6
"9" -4 -0.29 -0.6 -87 119 0.074 0.2 0 -206 -11 -4.2 21 -1 -1 13.94 -18
"10" 0 0.078 -0.25 -108 1 -0.035 -0.4 1 -109 -5 -3 -36 1 0 -4.26 -4
"11" -3 -0.081 0.0670000000000001 -55 -126 -0.074 0.3 0 71 10 1.3 -15 -1 -1 -1.86 7
"12" 1 -0.225 0 11 -87 0.03 1.8 0 98 20 1.7 -25 0 0 6.8 4
"13" 0 -0.038 0 62 116 0.152 2.6 1 -54 -8 -0.5 28 1 0 0.259999999999998 6
"14" 10 0.133 0.5 153 -77 0.032 3.6 -1 230 26 3.8 -21 0 1 5.16 29
