"diff_1st Downs" "diff_3rd down efficiency" "diff_4th down efficiency" "diff_Total Yards" "diff_Passing" "diff_Comp-Att" "diff_Yards per pass" "diff_Interceptions thrown" "diff_Rushing" "diff_Rushing Attempts" "diff_Yards per rush" "diff_Penalties" "diff_Turnovers" "diff_Fumbles lost" "diff_Possession" "diff_Score"
"1" 9 0.225 0 272 182 0.403 5.3 -1 90 -31 5.4 90 -1 0 -16.26 53
"2" -12 -0.409 0 -295 -225 -0.3 -3.7 0 -70 0 -1.9 -39 -2 -2 -2.54 -21
"3" -12 -0.168 0 46 74 0.13 4.7 -1 -28 -8 -0.5 19 -2 -1 -0.0399999999999991 21
"4" 3 -0.247 0.5 51 54 0.172 1.8 2 -3 -6 0.8 20 2 0 -4.96 4
"5" 4 -0.156 0 94 215 0.0469999999999999 -5.5 0 -121 -33 -0.5 30 0 0 -6.44 10
"6" -9 0.135 -0.5 -144 -36 -0.113 1.8 1 -108 -7 -2.8 0 1 0 -13.44 2
"7" -3 0.025 0.75 -46 -60 -0.206 -3.5 1 14 -5 0.9 19 1 0 -7.96 -3
"8" 1 0 1 -9 102 -0.087 -1 1 -111 -14 -1.4 2 1 0 2.8 -7
"9" -8 -0.383 0.5 79 -83 0.056 -0.5 -1 162 -13 5.4 54 -1 0 -10 10
"10" -5 0.322 -0.3 120 21 -0.011 1.2 -1 99 11 1.7 98 -1 0 13.54 2
"11" -12 -0.181 0 -172 51 -0.145 -1.2 0 -223 -34 -3.1 10 -2 -2 -14.16 -4
"12" 9 0.321 -0.5 186 90 0.017 2.7 -2 96 24 1.2 20 -4 -2 13.7 20
"13" -14 -0.346 -0.5 -292 -49 -0.0979999999999999 -0.2 -2 -243 -11 -4.7 0 -2 0 -4.96 -17
