"diff_1st Downs" "diff_3rd down efficiency" "diff_4th down efficiency" "diff_Total Yards" "diff_Passing" "diff_Comp-Att" "diff_Yards per pass" "diff_Interceptions thrown" "diff_Rushing" "diff_Rushing Attempts" "diff_Yards per rush" "diff_Penalties" "diff_Turnovers" "diff_Fumbles lost" "diff_Possession" "diff_Score"
"1" 0 0.221 -0.5 39 56 0.095 0.0999999999999996 1 -17 -5 0.0999999999999996 -53 0 -1 4.6 -1
"2" 18 0.415 0.667 241 -5 0.041 -2.3 -1 246 32 4.6 -22 -2 -1 21.74 18
"3" 7 0.212 0.334 169 2 0.21 3.3 -1 167 5 4 -64 -1 0 -1.74 39
"4" -6 0.023 0.5 27 115 0.011 -5.9 1 -88 -38 0.8 40 1 0 -14.06 -3
"5" -5 -0.077 -0.333 -120 -212 -0.113 -2.3 0 92 6 1.9 16 0 0 -1.54 -20
"6" 1 0.134 0 -18 -103 0.013 -2.3 -2 85 7 1.6 -15 -2 0 4.3 2
"7" 1 0.143 0.333 32 15 0.157 0.6 -3 17 1 0.4 -8 -4 -1 10.36 21
"8" -14 -0.286 -1 -200 -238 -0.241 -4.3 -1 38 -2 2.1 -65 -1 0 -1.4 -39
"9" 2 -0.054 0.333 28 -62 -0.185 -4.5 2 90 -9 4.4 -35 2 0 -5.16 -15
"10" -2 -0.212 0 36 53 -0.0379999999999999 3.2 0 -17 -6 0.5 -30 0 0 -7.86 3
"11" 9 -0.135 0.5 144 36 0.113 -1.8 -1 108 7 2.8 0 -1 0 13.44 -2
"12" -7 0.012 0 -41 -213 -0.0379999999999999 0.0999999999999996 -1 172 17 3.7 34 -1 0 2 3
