"diff_1st Downs" "diff_3rd down efficiency" "diff_4th down efficiency" "diff_Total Yards" "diff_Passing" "diff_Comp-Att" "diff_Yards per pass" "diff_Interceptions thrown" "diff_Rushing" "diff_Rushing Attempts" "diff_Yards per rush" "diff_Penalties" "diff_Turnovers" "diff_Fumbles lost" "diff_Possession" "diff_Score"
"1" 2 -0.0449999999999999 -1 8 114 0.101 1.9 1 -106 -4 -2 48 2 1 -2.9 -18
"2" -3 0.136 -1 1 -85 0.106 1.2 0 86 7 1.9 80 -1 -1 0.159999999999997 7
"3" 8 0.083 0.5 110 19 0.052 -1 0 91 20 0.6 35 0 0 13.84 -3
"4" -1 0.272 -0.25 61 112 0.14 1.8 0 -51 -6 -0.9 80 1 1 0.240000000000002 15
"5" -8 -0.024 0.333 -48 -197 0.013 -0.999999999999999 1 149 0 5.7 35 1 0 -3.24 7
"6" 5 -0.158 -0.5 75 70 -0.0279999999999999 0.899999999999999 1 5 -9 1.6 15 1 0 0.759999999999998 -7
"7" -4 0.202 0 -95 -131 0.0659999999999999 -1.1 -1 36 16 -0.5 21 0 1 10.9 2
"8" -20 0.034 -0.667 -115 -84 -0.097 0.899999999999999 -2 -31 -15 0.3 82 -1 1 -14.6 -3
"9" 0 -0.158 0.75 25 84 -0.026 -2 1 -59 -18 0.4 40 0 -1 -7.16 1
"10" 7 0.083 0.667 115 136 0.238 -0.9 -2 -21 -16 1.3 -8 1 3 -3.6 18
"11" 3 -0.514 -0.25 68 149 -0.072 -0.399999999999999 3 -81 -29 5 29 3 0 -3 -14
"12" 14 0.286 1 200 238 0.241 4.3 1 -38 2 -2.1 65 1 0 1.4 39
