"diff_1st Downs" "diff_3rd down efficiency" "diff_4th down efficiency" "diff_Total Yards" "diff_Passing" "diff_Comp-Att" "diff_Yards per pass" "diff_Interceptions thrown" "diff_Rushing" "diff_Rushing Attempts" "diff_Yards per rush" "diff_Penalties" "diff_Turnovers" "diff_Fumbles lost" "diff_Possession" "diff_Score"
"1" 4 0.158 -0.333 117 -54 -0.24 4.5 0 171 34 2.5 -5 2 2 4.64 -7
"2" -1 -0.188 0.1 -192 -316 -0.413 -2.9 2 124 26 0.9 -49 3 1 5.14 -24
"3" 10 0.075 1 181 -249 -0.356 -4.2 -3 430 51 5.2 0 -3 0 20.86 32
"4" -7 -0.083 -0.667 -115 -136 -0.238 0.9 2 21 16 -1.3 8 -1 -3 3.6 -18
"5" -2 0.131 0.167 -64 -268 -0.5 -5.6 -2 204 50 2.2 -25 -2 0 14.3 7
"6" 4 -0.189 0 28 -161 -0.348 -4.5 0 189 12 3.6 -27 0 0 1.3 -3
"7" -1 0 -0.5 -131 3 -0.083 -4 0 -134 -9 -1.9 -15 -1 -1 -4.9 3
"8" 6 -0.023 -0.5 -27 -115 -0.011 5.9 -1 88 38 -0.8 -40 -1 0 14.06 3
"9" -3 0.035 0 -113 -27 -0.2 -13 0 -86 -11 -1.1 -7 -2 -2 -4.64 -3
"10" 16 0.056 0.714 69 -198 -0.366 -6.6 1 267 56 -0.2 -20 2 1 21.4 -6
"11" -4 0.156 0 -94 -215 -0.0469999999999999 5.5 0 121 33 0.5 -30 0 0 6.44 -10
"12" 0 0.044 0.5 -66 -230 -0.576 -7 -1 164 39 0.4 10 -2 -1 19.2 3
