"diff_1st Downs" "diff_3rd down efficiency" "diff_4th down efficiency" "diff_Total Yards" "diff_Passing" "diff_Comp-Att" "diff_Yards per pass" "diff_Interceptions thrown" "diff_Rushing" "diff_Rushing Attempts" "diff_Yards per rush" "diff_Penalties" "diff_Turnovers" "diff_Fumbles lost" "diff_Possession" "diff_Score"
"1" 7 0.465 -0.6 201 97 0.217 2.3 1 104 -13 4.5 -9 1 0 -15.95 29
"2" 6 0.045 1 -11 76 -0.216 -2.3 2 -87 2 -2.7 -69 2 0 -2.6 -8
"3" -16 -0.056 -0.714 -69 198 0.366 6.6 -1 -267 -56 0.2 20 -2 -1 -21.4 6
"4" 5 -0.322 0.3 -120 -21 0.011 -1.2 1 -99 -11 -1.7 -98 1 0 -13.54 -2
"5" -3 0.514 0.25 -68 -149 0.072 0.399999999999999 -3 81 29 -5 -29 -3 0 3 14
"6" -6 0.023 0 -15 24 0.137 1.8 -1 -39 4 -1.5 45 -1 0 -2.6 3
"7" 2 0.205 -0.333 154 206 0.264 6 -2 -52 -15 0.4 2 -1 1 -7.76 38
"8" 14 0.091 -0.6 81 155 -0.202 -2.5 2 -74 4 -2.3 -111 1 -1 3 -7
"9" 7 -0.107 -0.6 -8 39 -0.099 -3.8 1 -47 -9 -0.4 -46 2 1 -7.54 -22
"10" 1 0.192 -0.25 70 94 0.179 3.9 0 -24 13 -1.7 25 -1 -1 10.84 11
"11" 8 0.066 -0.167 172 78 0.292 4.5 -1 94 -1 2.4 -40 -1 0 -5.4 18
"12" 11 0.45 -0.8 19 188 0.03 -3.8 2 -169 2 -4.2 10 4 2 7.54 -35
