"diff_1st Downs" "diff_3rd down efficiency" "diff_4th down efficiency" "diff_Total Yards" "diff_Passing" "diff_Comp-Att" "diff_Yards per pass" "diff_Interceptions thrown" "diff_Rushing" "diff_Rushing Attempts" "diff_Yards per rush" "diff_Penalties" "diff_Turnovers" "diff_Fumbles lost" "diff_Possession" "diff_Score"
"1" 11 0.197 -0.667 251 132 -0.076 3.1 0 119 1 3 -18 3 3 -2.66 16
"2" 1 -0.086 -0.5 63 156 0.00600000000000001 3.2 1 -93 -11 -1.9 -25 1 0 -3.6 -2
"3" 5 0.106 0.25 54 126 0.137 5.1 0 -72 -12 -0.8 -58 2 2 -6.56 28
"4" -6 0.022 0.5 -174 41 -0.203 -2.9 -1 -215 -20 -3.3 8 -2 -1 -3.7 -11
"5" 7 0.078 0.667 150 154 0.231 2.6 -1 -4 -13 2.7 29 -3 -2 -3.9 26
"6" -9 -0.321 0.5 -186 -90 -0.017 -2.7 2 -96 -24 -1.2 -20 4 2 -13.7 -20
"7" 7 -0.012 0 41 213 0.0379999999999999 -0.0999999999999996 1 -172 -17 -3.7 -34 1 0 -2 -3
"8" -13 0.246 -1 -321 -214 -0.317 -7 0 -107 -6 -2.7 -10 2 2 -10.8 -30
"9" -15 -0.243 -0.25 -34 50 -0.047 2.3 3 -84 -22 -0.7 69 2 -1 -8.96 -21
"10" -10 -0.477 0 -444 -199 -0.312 -10.2 0 -245 -14 -5.2 -3 0 0 -4.36 -57
"11" 2 -0.131 -0.167 64 268 0.5 5.6 2 -204 -50 -2.2 25 2 0 -14.3 -7
"12" 8 0.024 -0.333 48 197 -0.013 0.999999999999999 -1 -149 0 -5.7 -35 -1 0 3.24 -7
