"diff_1st Downs" "diff_3rd down efficiency" "diff_4th down efficiency" "diff_Total Yards" "diff_Passing" "diff_Comp-Att" "diff_Yards per pass" "diff_Interceptions thrown" "diff_Rushing" "diff_Rushing Attempts" "diff_Yards per rush" "diff_Penalties" "diff_Turnovers" "diff_Fumbles lost" "diff_Possession" "diff_Score"
"1" 6 -0.014 -0.417 152 156 0.227 6.4 -3 -4 -19 1.6 -27 -2 1 -6.5 32
"2" 26 0.338 1 449 350 0.449 9.4 -1 99 12 1.7 -38 1 2 10.36 52
"3" 13 0.125 -0.167 198 53 -0.025 0.7 1 145 20 2.1 -25 1 0 12.04 -3
"4" -2 0.054 -0.333 -28 62 0.185 4.5 -2 -90 9 -4.4 35 -2 0 5.16 15
"5" -4 0.072 -0.5 -71 -154 0.0559999999999999 -2.2 -2 83 8 1.4 35 -4 -2 4.54 10
"6" -6 -0.056 0.667 -77 104 0.023 1.7 0 -181 -27 -0.5 14 2 2 -10.8 -7
"7" -11 -0.45 0.8 -19 -188 -0.03 3.8 -2 169 -2 4.2 -10 -4 -2 -7.54 35
"8" -3 0.103 -0.7 238 129 0.106 6.4 1 109 -17 5.2 15 3 2 -8.7 17
"9" 3 -0.05 0.8 0 26 -0.177 2 2 -26 -2 -0.4 2 2 0 -3.44 7
"10" -8 -0.083 -0.5 -110 -19 -0.052 1 0 -91 -20 -0.6 -35 0 0 -13.84 3
"11" 17 0.19 0.75 187 70 0.03 -2.2 0 117 23 0.399999999999999 -40 -1 -1 13.74 14
"12" 8 0.176 0 225 -21 0.0589999999999999 0.8 1 246 19 3.4 -29 1 0 8.06 14
"13" 3 -0.025 -0.75 46 60 0.206 3.5 -1 -14 5 -0.9 -19 -1 0 7.96 3
