"diff_1st Downs" "diff_3rd down efficiency" "diff_4th down efficiency" "diff_Total Yards" "diff_Passing" "diff_Comp-Att" "diff_Yards per pass" "diff_Interceptions thrown" "diff_Rushing" "diff_Rushing Attempts" "diff_Yards per rush" "diff_Penalties" "diff_Turnovers" "diff_Fumbles lost" "diff_Possession" "diff_Score"
"1" 20 0.475 0.5 514 252 0.321 7.2 -1 262 16 5 45 0 1 1.46 46
"2" -1 -0.036 -0.333 -88 -70 -0.012 -3 1 -18 -7 0.5 13 0 -1 -4.46 -6
"3" 2 0.004 1 -119 -265 -0.185 -6.9 1 146 25 0.6 -31 0 -1 7.24 17
"4" -7 0.107 0.6 8 -39 0.099 3.8 -1 47 9 0.4 46 -2 -1 7.54 22
"5" 10 0.477 0 444 199 0.312 10.2 0 245 14 5.2 3 0 0 4.36 57
"6" 12 0.181 0 172 -51 0.145 1.2 0 223 34 3.1 -10 2 2 14.16 4
"7" 0 -0.044 -0.5 66 230 0.576 7 1 -164 -39 -0.4 -10 2 1 -19.2 -3
"8" 14 0.282 1 357 231 0.246 5.7 1 126 26 -0.7 -52 2 1 14.16 26
"9" -1 -0.143 -0.333 -32 -15 -0.157 -0.6 3 -17 -1 -0.4 8 4 1 -10.36 -21
"10" -3 -0.176 0 -6 -61 0.126 0.4 -1 55 6 0.800000000000001 41 -1 0 -1.76 7
"11" 6 0.056 -0.667 77 -104 -0.023 -1.7 0 181 27 0.5 -14 -2 -2 10.8 7
"12" 4 0.389 -1 109 62 0.178 0 -1 47 4 0.399999999999999 37 0 1 0.399999999999999 7
"13" 3 -0.103 0.7 -238 -129 -0.106 -6.4 -1 -109 17 -5.2 -15 -3 -2 8.7 -17
