"diff_1st Downs" "diff_3rd down efficiency" "diff_4th down efficiency" "diff_Total Yards" "diff_Passing" "diff_Comp-Att" "diff_Yards per pass" "diff_Interceptions thrown" "diff_Rushing" "diff_Rushing Attempts" "diff_Yards per rush" "diff_Penalties" "diff_Turnovers" "diff_Fumbles lost" "diff_Possession" "diff_Score"
"1" 17 0.108 0.5 299 55 0.0549999999999999 5.2 -2 244 26 4.4 -7 -1 1 12.35 37
"2" -7 -0.289 0 -106 29 -0.011 -1.3 -1 -135 -28 1.4 37 0 1 -9.44 -9
"3" -11 -0.06 -0.25 -198 1 -0.0720000000000001 -1.7 1 -199 -25 -4.3 35 2 1 -11.1 -21
"4" -9 0.192 -0.25 -61 -83 0.103 2 0 22 -1 0.800000000000001 51 0 0 -3.9 7
"5" 6 -0.433 1 -103 180 0.126 -1.4 0 -283 -11 -5.8 -10 -1 -1 12.4 -14
"6" -15 -0.098 -0.5 -167 -99 -0.125 -5.4 0 -68 -17 0.9 25 1 1 -8.56 -24
"7" -17 -0.246 0 -111 -45 -0.053 2.2 -1 -66 -9 -0.8 26 0 1 1.14 -17
"8" -9 -0.351 1 -154 -105 -0.011 -1.8 0 -49 -1 -1.6 9 0 0 -0.159999999999997 -17
"9" -9 -0.166 0.5 -43 -93 -0.0309999999999999 3.2 0 50 9 0.7 15 0 0 -3.26 -1
"10" 2 0 -1 198 213 0.362 3.6 0 -15 -2 -0.2 49 0 0 6.7 8
"11" -1 -0.143 0.334 -23 -7 -0.0499999999999999 0.5 1 -16 -1 -0.3 15 1 0 6.44 -10
"12" 21 0.045 1 57 176 0.233 -0.999999999999999 1 -119 10 -5.8 -31 4 3 15.3 -3
