"diff_1st Downs" "diff_3rd down efficiency" "diff_4th down efficiency" "diff_Total Yards" "diff_Passing" "diff_Comp-Att" "diff_Yards per pass" "diff_Interceptions thrown" "diff_Rushing" "diff_Rushing Attempts" "diff_Yards per rush" "diff_Penalties" "diff_Turnovers" "diff_Fumbles lost" "diff_Possession" "diff_Score"
"1" -8 -0.131 -0.75 -110 -44 -0.316 -1.4 2 -66 -2 -2.6 -34 0 -2 -13.9 -22
"2" 2 0.026 0.5 -13 105 -0.119 -2.1 0 -118 -9 -1.7 -45 -1 -1 -2.6 3
"3" 17 0.226 0.5 333 309 0.227 3.9 0 24 3 0.2 30 -1 -1 10.56 23
"4" -6 0.088 0 -224 -33 -0.222 -3.7 1 -191 -16 -2.9 -45 3 2 -6.64 -27
"5" 2 -0.185 -0.5 -78 -31 -0.084 -0.299999999999999 1 -47 -6 -0.3 25 1 0 -1.7 -8
"6" -3 -0.203 -0.167 87 164 -0.085 2.4 4 -77 -15 -0.600000000000001 2 3 -1 -6 -11
"7" -21 -0.045 -1 -57 -176 -0.233 0.999999999999999 -1 119 -10 5.8 31 -4 -3 -15.3 3
"8" 11 0.28 -0.5 229 237 0.191 4.6 0 -8 -3 0.2 -2 0 0 5.24 18
"9" 4 -0.144 0 -63 156 -0.043 0.0999999999999996 2 -219 -12 -4.1 -4 3 1 -6.46 -18
"10" 0 -0.236 0.5 -69 -116 -0.104 -0.299999999999999 0 47 4 1.1 4 0 0 -2.5 -10
"11" -13 -0.394 -1 -70 80 -0.02 1.7 0 -150 -30 0.600000000000001 40 2 2 -15.96 -25
"12" -4 0.084 0.6 -28 67 0.126 4.5 0 -95 -1 -2.5 9 -1 -1 8.66 6
