"diff_1st Downs" "diff_3rd down efficiency" "diff_4th down efficiency" "diff_Total Yards" "diff_Passing" "diff_Comp-Att" "diff_Yards per pass" "diff_Interceptions thrown" "diff_Rushing" "diff_Rushing Attempts" "diff_Yards per rush" "diff_Penalties" "diff_Turnovers" "diff_Fumbles lost" "diff_Possession" "diff_Score"
"1" 5 0.149 -0.6 28 26 0.017 2.9 -1 2 7 -1.1 24 -1 0 -0.0399999999999991 21
"2" 8 0.25 0.75 61 72 0.173 0.899999999999999 0 -11 1 -0.4 -65 0 0 11.2 6
"3" -4 0.144 0 63 -156 0.043 -0.0999999999999996 -2 219 12 4.1 4 -3 -1 6.46 18
"4" -10 -0.188 0.667 -170 -129 -0.088 -0.0999999999999996 0 -41 -1 -1.2 -50 0 0 -10.84 -7
"5" -8 -0.233 0.667 -184 -84 -0.135 -4.3 0 -100 -14 -1.6 0 0 0 -3.94 -18
"6" -3 0.019 -0.5 -7 9 -0.069 0.9 1 -16 -10 1.1 2 0 -1 -7.8 7
"7" -18 -0.112 -0.167 -180 105 0.00600000000000001 2.3 0 -285 -46 -1.8 -11 2 2 -13.66 -7
"8" 1 0.017 0.333 -1 34 -0.307 -1.5 0 -35 -10 0 -7 -1 -1 -6.06 -7
"9" -8 -0.117 -1 -104 -64 -0.026 -1.1 -2 -40 0 -1.6 20 -2 0 3.04 -19
"10" 2 -0.177 0.333 -31 52 -0.089 -1.2 0 -83 -13 -1.8 -35 -1 -1 0.200000000000003 -7
"11" -2 0.116 -0.5 -46 46 0.08 -0.5 1 -92 -4 -2.9 -1 0 -1 4 -6
"12" -11 -0.159 -1 -206 -49 -0.02 -3 1 -157 -29 -3.1 6 0 -1 -13.26 -28
