"diff_1st Downs" "diff_3rd down efficiency" "diff_4th down efficiency" "diff_Total Yards" "diff_Passing" "diff_Comp-Att" "diff_Yards per pass" "diff_Interceptions thrown" "diff_Rushing" "diff_Rushing Attempts" "diff_Yards per rush" "diff_Penalties" "diff_Turnovers" "diff_Fumbles lost" "diff_Possession" "diff_Score"
"1" 5 0.433 -0.667 258 266 0.243 7.2 -2 -8 -6 0.8 40 -2 0 2.34 46
"2" 29 0.329 0 417 254 0.307 4.5 -2 163 20 1.9 3 -2 0 17.84 56
"3" 2 -0.2 1 73 -78 -0.00700000000000001 4 1 151 20 2.3 -16 1 0 6.36 21
"4" 1 0.045 -0.5 183 -41 -0.079 -0.600000000000001 1 224 3 5.8 87 0 -1 -5.2 18
"5" 5 0 0.333 97 21 0.0940000000000001 3.4 -1 76 16 -0.5 -15 -1 0 6.9 15
"6" 9 -0.056 0.75 70 -128 -0.0639999999999999 -1.7 -1 198 29 0.899999999999999 26 0 1 9.04 -3
"7" -6 -0.066 0.75 20 117 0.123 3.3 -2 -97 -11 -1.9 45 0 2 -6.84 3
"8" 1 -0.053 0 196 71 -0.015 2.1 -1 125 7 3.5 60 -1 0 -2.06 3
"9" 6 -0.088 0 224 33 0.222 3.7 -1 191 16 2.9 45 -3 -2 6.64 27
"10" 8 0.233 -0.667 184 84 0.135 4.3 0 100 14 1.6 0 0 0 3.94 18
"11" 1 -0.078 0.5 112 37 0.315 3.2 -2 75 3 1.7 -7 -3 -1 -2.8 39
"12" 7 0.024 -0.5 142 267 0.197 3.4 -2 -125 -1 -2.8 21 -3 -1 9.56 -4
