"diff_1st Downs" "diff_3rd down efficiency" "diff_4th down efficiency" "diff_Total Yards" "diff_Passing" "diff_Comp-Att" "diff_Yards per pass" "diff_Interceptions thrown" "diff_Rushing" "diff_Rushing Attempts" "diff_Yards per rush" "diff_Penalties" "diff_Turnovers" "diff_Fumbles lost" "diff_Possession" "diff_Score"
"1" 0 0 0 159 107 -0.014 7.1 -1 52 6 0.7 65 -2 -1 10.06 17
"2" 17 0.533 0 269 223 0.259 5.6 -3 46 10 -0.2 38 -3 0 5 40
"3" -3 -0.083 0.333 -37 -13 0.142 0.8 4 -24 -6 0.100000000000001 -11 4 0 -0.5 -3
"4" 3 0.047 1 -24 -204 0.037 -0.5 0 180 27 3.1 -25 0 0 9.84 14
"5" 9 0.454 0.5 182 -4 0.188 2.1 -2 186 16 3.1 25 -3 -1 8.7 33
"6" 11 0.159 1 206 49 0.02 3 -1 157 29 3.1 -6 0 1 13.26 28
"7" -7 -0.024 0.5 -142 -267 -0.197 -3.4 2 125 1 2.8 -21 3 1 -9.56 4
"8" -1 -0.229 0.667 -95 -141 -0.111 0.3 0 46 8 0.2 -2 0 0 -6.34 3
"9" 1 -0.1 0.333 56 47 -0.227 0.199999999999999 4 9 6 -0.600000000000001 -19 4 0 2.5 -26
"10" 4 -0.109 1 83 -19 0.102 0.699999999999999 -1 102 13 1.5 15 -1 0 7.4 1
"11" -6 -0.211 -0.5 -136 -211 0.055 -1.1 -1 75 16 0.2 -16 0 1 3.54 -3
"12" 15 0.098 0.5 167 99 0.125 5.4 0 68 17 -0.9 -25 -1 -1 8.56 24
