"diff_1st Downs" "diff_3rd down efficiency" "diff_4th down efficiency" "diff_Total Yards" "diff_Passing" "diff_Comp-Att" "diff_Yards per pass" "diff_Interceptions thrown" "diff_Rushing" "diff_Rushing Attempts" "diff_Yards per rush" "diff_Penalties" "diff_Turnovers" "diff_Fumbles lost" "diff_Possession" "diff_Score"
"1" 9 0.194 1 279 269 0.3 7.9 0 10 -11 1.9 -20 3 3 -4.2 31
"2" 9 0.135 0.6 -64 -121 -0.17 -6.3 2 57 9 0.300000000000001 -62 4 2 -1.1 -13
"3" -4 0.109 -1 -83 19 -0.102 -0.699999999999999 1 -102 -13 -1.5 -15 1 0 -7.4 -1
"4" 9 0.166 -0.5 43 93 0.0309999999999999 -3.2 0 -50 -9 -0.7 -15 0 0 3.26 1
"5" -6 -0.024 -1 -177 58 0.0659999999999999 0.2 0 -235 -10 -5.6 -27 4 4 -0.359999999999999 -38
"6" -7 -0.129 1 -80 225 0.179 -0.2 0 -305 -31 -4.4 50 0 0 -4.9 -9
"7" -5 0.017 -0.5 -106 -23 0.0590000000000001 2.6 1 -83 4 -2.9 -9 3 2 -7 -18
"8" -1 -0.045 0.5 -183 41 0.079 0.600000000000001 -1 -224 -3 -5.8 -87 0 1 5.2 -18
"9" 5 0.188 -0.5 84 137 0.186 1.8 0 -53 8 -2.1 -8 -2 -2 12.24 2
"10" -8 -0.025 0 -253 -74 -0.137 -2.9 1 -179 -11 -2.9 -25 0 -1 2.9 -25
"11" -20 -0.286 -0.5 -337 -80 -0.138 -0.7 -1 -257 -10 -7 -5 -1 0 -9.04 -35
"12" 3 -0.019 0.5 7 -9 0.069 -0.9 -1 16 10 -1.1 -2 0 1 7.8 -7
