"diff_1st Downs" "diff_3rd down efficiency" "diff_4th down efficiency" "diff_Total Yards" "diff_Passing" "diff_Comp-Att" "diff_Yards per pass" "diff_Interceptions thrown" "diff_Rushing" "diff_Rushing Attempts" "diff_Yards per rush" "diff_Penalties" "diff_Turnovers" "diff_Fumbles lost" "diff_Possession" "diff_Score"
"1" 20 0.401 0 464 232 0.273 4.1 1 232 20 4.5 15 1 0 9.6 28
"2" 10 0.032 0 175 42 0.205 1.8 -1 133 2 3.4 -6 -2 -1 -11.6 38
"3" 1 -0.105 1 8 26 -0.0549999999999999 2.2 -1 -18 3 -0.9 7 0 1 -5.9 1
"4" 3 0.181 -1 89 -30 0.0539999999999999 2.5 -2 119 16 1.9 -59 -2 0 -2.8 8
"5" -10 0.018 0 23 12 0.107 4.6 0 11 -5 0.8 39 -1 -1 -7.7 10
"6" 8 0.025 0 253 74 0.137 2.9 -1 179 11 2.9 25 0 1 -2.9 25
"7" 4 -0.084 -0.6 28 -67 -0.126 -4.5 0 95 1 2.5 -9 1 1 -8.66 -6
"8" -3 0.138 1 -136 -161 -0.139 -2.8 2 25 -1 0.8 -9 3 1 -10.66 -3
"9" 6 0.15 -0.75 206 8 0.14 3.1 -1 198 0 5.8 30 -2 -1 -8.24 28
"10" -5 0 -0.333 -97 -21 -0.0940000000000001 -3.4 1 -76 -16 0.5 15 1 0 -6.9 -15
"11" -6 0.433 -1 103 -180 -0.126 1.4 0 283 11 5.8 10 1 1 -12.4 14
"12" 18 0.112 0.167 180 -105 -0.00600000000000001 -2.3 0 285 46 1.8 11 -2 -2 13.66 7
