"diff_1st Downs" "diff_3rd down efficiency" "diff_4th down efficiency" "diff_Total Yards" "diff_Passing" "diff_Comp-Att" "diff_Yards per pass" "diff_Interceptions thrown" "diff_Rushing" "diff_Rushing Attempts" "diff_Yards per rush" "diff_Penalties" "diff_Turnovers" "diff_Fumbles lost" "diff_Possession" "diff_Score"
"1" 13 0.402 -0.333 258 196 0.333 6.2 -4 62 -6 3.1 5 -4 0 -5.74 52
"2" 6 0.2 0.667 96 27 -0.0239999999999999 -0.899999999999999 -1 69 6 1 33 -2 -1 8.26 28
"3" 9 0.351 -1 154 105 0.011 1.8 0 49 1 1.6 -9 0 0 0.159999999999997 17
"4" 6 0.092 0.5 53 16 -0.077 1.1 0 37 11 -0.5 -56 0 0 5.6 16
"5" 2 -0.116 0.5 46 -46 -0.08 0.5 -1 92 4 2.9 1 0 1 -4 6
"6" 13 0.5 -1 272 222 0.082 4.6 0 50 6 0.6 14 -1 -1 9 38
"7" 1 -0.0469999999999999 1 28 -86 -0.0670000000000001 -1.7 -1 114 13 1.7 16 -2 -1 10.76 11
"8" -6 -0.334 -0.4 -114 53 0.036 -0.199999999999999 1 -167 -8 -4.3 -6 1 0 0.439999999999998 -23
"9" -9 -0.135 -0.6 64 121 0.17 6.3 -2 -57 -9 -0.300000000000001 62 -4 -2 1.1 13
"10" 3 0.083 -0.333 37 13 -0.142 -0.8 -4 24 6 -0.100000000000001 11 -4 0 0.5 3
"11" -3 0.018 -1 -6 -43 -0.094 -0.300000000000001 0 37 -5 2.2 51 -1 -1 -3.66 -1
"12" -2 0.185 0.5 78 31 0.084 0.299999999999999 -1 47 6 0.3 -25 -1 0 1.7 8
"13" 3 -0.138 -1 136 161 0.139 2.8 -2 -25 1 -0.8 9 -3 -1 10.66 3
