"diff_1st Downs" "diff_3rd down efficiency" "diff_4th down efficiency" "diff_Total Yards" "diff_Passing" "diff_Comp-Att" "diff_Yards per pass" "diff_Interceptions thrown" "diff_Rushing" "diff_Rushing Attempts" "diff_Yards per rush" "diff_Penalties" "diff_Turnovers" "diff_Fumbles lost" "diff_Possession" "diff_Score"
"1" 10 0.012 0.167 185 200 0.176 2.2 -3 -15 -5 0.1 -18 -2 1 5.3 25
"2" 20 0.546 1 486 326 0.347 8.9 1 160 9 3.4 64 1 0 5.3 46
"3" 3 0 -0.167 138 74 -0.114 2.2 -1 64 7 1.5 9 -1 0 -0.439999999999998 11
"4" 5 -0.017 0.5 106 23 -0.0590000000000001 -2.6 -1 83 -4 2.9 9 -3 -2 7 18
"5" 0 0.236 -0.5 69 116 0.104 0.299999999999999 0 -47 -4 -1.1 -4 0 0 2.5 10
"6" 6 0.211 0.5 136 211 -0.055 1.1 1 -75 -16 -0.2 16 0 -1 -3.54 3
"7" 19 0.295 0.667 373 172 0.287 2.2 0 201 10 4.1 -5 -1 -1 5.56 47
"8" -3 -0.181 1 -89 30 -0.0539999999999999 -2.5 2 -119 -16 -1.9 59 2 0 2.8 -8
"9" 9 -0.192 0.25 61 83 -0.103 -2 0 -22 1 -0.800000000000001 -51 0 0 3.9 -7
"10" 10 0.188 -0.667 170 129 0.088 0.0999999999999996 0 41 1 1.2 50 0 0 10.84 7
"11" -9 0.056 -0.75 -70 128 0.0639999999999999 1.7 1 -198 -29 -0.899999999999999 -26 0 -1 -9.04 3
"12" 2 0.446 -0.667 270 127 -0.0610000000000001 4.5 1 143 -12 7 64 2 1 -6.94 18
