"diff_1st Downs" "diff_3rd down efficiency" "diff_4th down efficiency" "diff_Total Yards" "diff_Passing" "diff_Comp-Att" "diff_Yards per pass" "diff_Interceptions thrown" "diff_Rushing" "diff_Rushing Attempts" "diff_Yards per rush" "diff_Penalties" "diff_Turnovers" "diff_Fumbles lost" "diff_Possession" "diff_Score"
"1" 6 0.227 -0.429 93 16 -0.022 -1 -2 77 -9 3.7 -15 1 3 -13.16 7
"2" 7 0.301 -0.2 193 87 -0.00800000000000001 2.7 0 106 -3 3.9 -31 0 0 -5.24 31
"3" -1 0.053 0 -196 -71 0.015 -2.1 1 -125 -7 -3.5 -60 1 0 2.06 -3
"4" 8 0.117 1 104 64 0.026 1.1 2 40 0 1.6 -20 2 0 -3.04 19
"5" -5 -0.167 -0.5 -80 47 0.241 0.7 0 -127 -23 -1.8 -13 1 1 -10.24 -4
"6" 1 0.143 -0.334 23 7 0.0499999999999999 -0.5 -1 16 1 0.3 -15 -1 0 -6.44 10
"7" -2 -0.446 0.667 -270 -127 0.0610000000000001 -4.5 -1 -143 12 -7 -64 -2 -1 6.94 -18
"8" -12 -0.351 0.5 -148 -27 0.026 -0.2 1 -121 -22 -1.6 -56 0 -1 -16.06 3
"9" -6 -0.092 -0.5 -53 -16 0.077 -1.1 0 -37 -11 0.5 56 0 0 -5.6 -16
"10" -3 -0.047 -1 24 204 -0.037 0.5 0 -180 -27 -3.1 25 0 0 -9.84 -14
"11" 6 0.024 1 177 -58 -0.0659999999999999 -0.2 0 235 10 5.6 27 -4 -4 0.359999999999999 38
"12" 3 0.203 0.167 -87 -164 0.085 -2.4 -4 77 15 0.600000000000001 -2 -3 1 6 11
