"diff_1st Downs" "diff_3rd down efficiency" "diff_4th down efficiency" "diff_Total Yards" "diff_Passing" "diff_Comp-Att" "diff_Yards per pass" "diff_Interceptions thrown" "diff_Rushing" "diff_Rushing Attempts" "diff_Yards per rush" "diff_Penalties" "diff_Turnovers" "diff_Fumbles lost" "diff_Possession" "diff_Score" "Result" "Result_num"
"UNC" 7 -0.143 -0.5 82 9 0.0269999999999999 0.199999999999999 1 73 8 0.600000000000001 -50 0 -1 4.1 -2 "L" 0
"TROY" 0 -0.078 0.25 108 -1 0.035 0.4 -1 109 5 3 36 -1 0 4.26 4 "W" 1
"JMU" -4 0.19 -0.5 -77 26 0.021 1.2 1 -103 -12 -1.7 -10 0 -1 -6.94 -4 "L" 0
"CIT" 8 -0.278 0.0670000000000001 322 247 0.292 7.8 -1 75 -33 6.6 3 -2 -1 -19.7 49 "W" 1
"GAST" 6 -0.049 0.75 173 -11 0.021 0.4 -1 184 23 0.899999999999999 14 -3 -2 13.14 25 "W" 1
"RMU" 22 0.22 -1 364 155 0.391 5.5 0 209 16 3.8 7 0 0 -0.739999999999998 39 "W" 1
"ODU" 4 -0.227 1 104 -17 0.119 5.6 0 121 13 1.9 -38 -1 -1 5.4 13 "W" 1
"TA&M" 13 0.2 0.6 135 37 -0.15 -0.4 0 98 34 -1.1 -5 -2 -2 22.96 3 "W" 1
"TXST" -2 -0.2 0.333 102 114 0.033 -0.3 0 -12 -8 0.2 55 1 1 -5.3 -12 "L" 0
"CCU" -7 -0.145 0 -109 -5 -0.0249999999999999 -0.5 1 -104 -18 -1 -30 1 0 -15.86 -7 "L" 0
"MRSH" 0 -0.173 0.5 -48 -43 -0.166 -2.7 0 -5 3 -0.4 -21 0 0 3.54 -7 "L" 0
"GASO" -2 -0.077 -1 142 -136 -0.0960000000000001 2.2 -1 278 23 3.9 22 -2 -1 5.1 -3 "L" 0
