"diff_1st Downs" "diff_3rd down efficiency" "diff_4th down efficiency" "diff_Total Yards" "diff_Passing" "diff_Comp-Att" "diff_Yards per pass" "diff_Interceptions thrown" "diff_Rushing" "diff_Rushing Attempts" "diff_Yards per rush" "diff_Penalties" "diff_Turnovers" "diff_Fumbles lost" "diff_Possession" "diff_Score"
"1" 25 0.346 -0.4 470 181 0.547 6.1 -1 289 21 4.8 -52 -1 0 11.8 55
"2" 4 0.279 0.5 65 116 0.158 0.8 0 -51 7 -1.8 -11 -1 -1 10.26 17
"3" -22 -0.192 0 -331 -147 -0.142 -1.1 0 -184 -16 -4 -36 1 1 -13.5 -22
"4" -7 -0.057 0 -204 -2 -0.144 -3 0 -202 -28 -4.9 -10 1 1 -11.96 -28
"5" -14 -0.435 0.667 -200 -165 -0.002 0.800000000000001 -1 -35 -27 2.2 37 -1 0 -8.05 2
"6" -10 -0.133 -0.5 -153 77 -0.032 -3.6 1 -230 -26 -3.8 21 0 -1 -5.16 -29
"7" -4 -0.205 0.5 -262 -147 -0.0840000000000001 -7.9 0 -115 8 -4.9 -22 -1 -1 15.46 -33
"8" -3 0.115 -0.1 -177 -85 0.0559999999999999 -4.8 0 -92 -13 -1.2 -21 1 1 -0.299999999999997 -12
"9" 10 0.019 0.667 67 6 0.044 -0.9 1 61 21 0.4 27 2 1 16.54 -3
"10" -2 0 -0.667 -59 59 0.204 1.4 -2 -118 -6 -2.9 18 -2 0 -0.659999999999997 -1
"11" -14 -0.556 -1 -251 -127 -0.162 -2.6 1 -124 -29 -0.2 14 -1 -2 -15.6 -20
"12" -5 -0.153 -0.5 -49 41 -0.072 0.600000000000001 0 -90 -15 -1.5 1 0 0 -8.1 -3
