"diff_1st Downs" "diff_3rd down efficiency" "diff_4th down efficiency" "diff_Total Yards" "diff_Passing" "diff_Comp-Att" "diff_Yards per pass" "diff_Interceptions thrown" "diff_Rushing" "diff_Rushing Attempts" "diff_Yards per rush" "diff_Penalties" "diff_Turnovers" "diff_Fumbles lost" "diff_Possession" "diff_Score"
"1" 6 0 0 114 92 0.016 3.5 -2 22 11 -0.6 -25 -2 0 1.86 17
"2" 0 0.181 -0.5 98 -10 0.04 3.1 -3 108 12 2.5 35 -5 -2 0.840000000000003 28
"3" -4 -0.196 0.667 -87 -130 0.172 -2.8 1 43 -7 2.2 6 1 0 -0.600000000000001 -3
"4" 14 0.556 1 251 127 0.162 2.6 -1 124 29 0.2 -14 1 2 15.6 20
"5" 0 0.038 0 -62 -116 -0.152 -2.6 -1 54 8 0.5 -28 -1 0 -0.259999999999998 -6
"6" -2 0.071 0.2 5 -165 -0.0349999999999999 -0.8 1 170 14 3.3 -25 0 -1 2.8 19
"7" -17 -0.327 -0.5 -274 -189 -0.23 -4.3 -2 -85 -29 0.8 20 -2 0 -23.7 -12
"8" 3 -0.011 0.333 -65 76 0.072 -0.9 0 -141 -1 -3.5 35 0 0 5.5 -4
"9" -1 0.242 0.167 62 93 -0.141 1.7 -1 -31 -10 0 12 -2 -1 -3.4 10
"10" 3 -0.081 0 100 181 -0.032 -2.6 2 -81 -19 -0.7 5 2 0 -6.44 -15
"11" -5 -0.447 0.5 -149 -30 -0.091 -4.6 0 -119 -10 -1.8 20 1 1 -1.46 -32
"12" 12 0.078 0.5 80 138 0.175 3.6 0 -58 -1 -1.4 -10 -1 -1 1.14 28
