"diff_1st Downs" "diff_3rd down efficiency" "diff_4th down efficiency" "diff_Total Yards" "diff_Passing" "diff_Comp-Att" "diff_Yards per pass" "diff_Interceptions thrown" "diff_Rushing" "diff_Rushing Attempts" "diff_Yards per rush" "diff_Penalties" "diff_Turnovers" "diff_Fumbles lost" "diff_Possession" "diff_Score"
"1" 4 0.047 0 46 22 0.055 1.1 1 24 5 0.5 -51 2 1 0.449999999999999 4
"2" -10 -0.227 0 -163 -92 -0.214 -1.4 -1 -71 -16 -0.8 -20 0 1 -16.5 -3
"3" 5 0.122 -1 186 93 0.038 3.8 -1 93 -1 2.7 -10 -1 0 -0.100000000000001 27
"4" -8 0 -1 -46 91 -0.073 1.4 0 -137 -18 -2.6 9 0 0 -7.46 -13
"5" 8 0.043 0 221 61 -0.0670000000000001 2 -1 160 -2 4.6 -22 -1 0 3.46 20
"6" 0 -0.037 1 -81 -82 0.152 -0.9 -2 1 14 -0.4 -20 -2 0 7.24 14
"7" 1 0.018 0.333 -55 -128 -0.231 -5.5 1 73 -2 2.3 25 3 2 -2.5 -7
"8" -5 -0.201 -0.5 -84 -152 0.0670000000000001 2.7 -2 68 14 0.9 13 -3 -1 -1.26 17
"9" -5 0.044 -1 -94 54 -0.133 0.8 0 -148 -15 -2.7 11 -2 -2 -2.16 -3
"10" -8 -0.154 -0.75 -202 -213 -0.23 -5.8 2 11 5 0 -34 4 2 -1.54 -44
"11" -2 0.161 -0.4 121 24 0.0999999999999999 4.4 -2 97 4 2.5 29 -2 0 -3.94 21
"12" -4 -0.165 0.5 -119 134 0.158 3.4 -1 -253 -22 -4.1 0 -2 -1 -10.44 3
