"diff_1st Downs" "diff_3rd down efficiency" "diff_4th down efficiency" "diff_Total Yards" "diff_Passing" "diff_Comp-Att" "diff_Yards per pass" "diff_Interceptions thrown" "diff_Rushing" "diff_Rushing Attempts" "diff_Yards per rush" "diff_Penalties" "diff_Turnovers" "diff_Fumbles lost" "diff_Possession" "diff_Score"
"1" -2 -0.004 0.5 178 137 0.2 3.9 1 41 -12 2.9 52 1 0 -5.76 21
"2" -14 -0.091 0.6 -81 -155 0.202 2.5 -2 74 -4 2.3 111 -1 1 -3 7
"3" 2 -0.029 0.667 168 93 0.166 2.7 0 75 13 0.5 29 0 0 12.54 14
"4" -5 -0.215 0 14 -45 -0.0479999999999999 -0.5 0 59 -9 2.5 11 -2 -2 -4.36 -2
"5" 1 -0.143 0.5 65 23 -0.107 -0.0999999999999996 -2 42 4 0.399999999999999 13 -2 0 5.66 7
"6" -4 -0.104 1 1 77 0.13 0.6 0 -76 -12 -1 0 1 1 -0.640000000000001 -13
"7" 24 0.256 1 378 307 0.258 5.1 0 71 16 0.8 -34 1 1 18.34 37
"8" 2 0.5 0.429 224 127 0.344 6.7 1 97 0 3.5 8 1 0 -2.46 35
"9" 1 0.012 0 -66 49 -0.0509999999999999 -1.6 2 -115 -6 -2.3 -10 2 0 -3.76 -7
"10" 2 0.163 0 91 -45 -0.103 -0.899999999999999 -2 136 8 3.2 80 -3 -1 9.46 5
"11" -6 -0.018 0.333 -166 0 0.157 -1 1 -166 -5 -3.3 25 1 0 1.2 -13
"12" -10 -0.066 -1 -279 -90 -0.055 -2.3 0 -189 -6 -4.2 5 0 0 -9.54 -30
