"diff_1st Downs" "diff_3rd down efficiency" "diff_4th down efficiency" "diff_Total Yards" "diff_Passing" "diff_Comp-Att" "diff_Yards per pass" "diff_Interceptions thrown" "diff_Rushing" "diff_Rushing Attempts" "diff_Yards per rush" "diff_Penalties" "diff_Turnovers" "diff_Fumbles lost" "diff_Possession" "diff_Score"
"1" 8 0.145 -0.5 131 62 0.018 5.7 1 69 8 0.7 -25 1 0 -12.04 21
"2" -1 0 -1 -67 -91 0.015 2.1 -2 24 17 -2.3 62 -2 0 3.86 -3
"3" -10 -0.272 -0.5 -253 -104 0.044 -3.6 1 -149 -9 -2.2 -25 1 0 0.799999999999997 -35
"4" 8 0.305 0 95 47 0.167 4.9 0 48 28 -0.6 19 1 1 9.7 14
"5" -9 -0.3 0 -119 9 -0.451 -0.3 3 -128 -23 -1.5 -42 3 0 -16.44 -17
"6" -5 0.039 0.5 -33 -54 -0.177 -4.1 1 21 -10 1.4 -8 1 0 -9.36 -7
"7" -9 -0.078 0 -147 23 0.156 0.7 -1 -170 -23 -2.3 -35 -1 0 -13.9 -1
"8" -2 0.15 -1 -63 41 -0.116 0.199999999999999 2 -104 -16 -1.1 -60 2 0 -8.46 -3
"9" 4 0.017 0.5 -44 -1 0.249 -1.5 -1 -43 -9 -0.5 -30 -1 0 3.34 1
"10" -23 -0.167 -1 -132 -37 -0.096 5 1 -95 -24 0.7 26 1 0 -25.4 -6
"11" -19 -0.067 0 -266 -77 0.026 -3.7 0 -189 -20 -2.8 15 0 0 -11.06 -31
"12" -1 -0.018 -0.333 55 128 0.231 5.5 -1 -73 2 -2.3 -25 -3 -2 2.5 7
