"diff_1st Downs" "diff_3rd down efficiency" "diff_4th down efficiency" "diff_Total Yards" "diff_Passing" "diff_Comp-Att" "diff_Yards per pass" "diff_Interceptions thrown" "diff_Rushing" "diff_Rushing Attempts" "diff_Yards per rush" "diff_Penalties" "diff_Turnovers" "diff_Fumbles lost" "diff_Possession" "diff_Score"
"1" 2 -0.15 1 63 -41 0.116 -0.199999999999999 -2 104 16 1.1 60 -2 0 8.46 3
"2" 8 -0.106 0.667 50 195 0.0579999999999999 -2.7 0 -145 -1 -4.1 -34 2 2 9.6 -8
"3" 2 0.041 -0.2 23 -48 -0.048 -2.1 1 71 9 1.1 3 3 2 -2.06 -7
"4" 4 0.079 0.5 86 195 0.223 2.5 0 -109 -13 -1.4 7 2 2 -4.36 -3
"5" -8 -0.483 0.5 -173 -59 -0.163 -4.3 2 -114 -11 -2.2 -35 3 1 -8.54 -35
"6" 4 0.183 -0.5 2 3 0.203 1.7 0 -1 24 -2.4 7 0 0 12.86 -14
"7" 6 -0.069 -0.667 29 31 -0.119 -2.2 4 -2 13 -1.2 2 5 1 6.7 -38
"8" -9 -0.017 -0.75 -119 70 -0.095 -1.3 0 -189 -30 -2.7 -45 -2 -2 -14.94 -10
"9" -1 0.143 -0.5 -65 -23 0.107 0.0999999999999996 2 -42 -4 -0.399999999999999 -13 2 0 -5.66 -7
"10" -8 -0.043 0 -221 -61 0.0670000000000001 -2 1 -160 2 -4.6 22 1 0 -3.46 -20
"11" -12 -0.212 0 -88 142 -0.0690000000000001 1.5 2 -230 -36 -1.9 -9 1 -1 -20.74 -28
"12" -3 -0.004 0.167 -59 -81 -0.19 -2.5 1 22 3 0.3 5 3 2 -1.2 -8
