"diff_1st Downs" "diff_3rd down efficiency" "diff_4th down efficiency" "diff_Total Yards" "diff_Passing" "diff_Comp-Att" "diff_Yards per pass" "diff_Interceptions thrown" "diff_Rushing" "diff_Rushing Attempts" "diff_Yards per rush" "diff_Penalties" "diff_Turnovers" "diff_Fumbles lost" "diff_Possession" "diff_Score"
"1" 10 0.307 0 142 46 0.15 -3.2 0 96 5 2.4 14 0 0 5.96 11
"2" 4 0.205 -0.5 262 147 0.0840000000000001 7.9 0 115 -8 4.9 22 1 1 -15.46 33
"3" 23 0.538 0.5 456 299 0.272 6.2 -1 157 11 2.6 -18 -2 -1 10.86 56
"4" 17 0.174 1 243 177 0.0590000000000001 5.4 0 66 8 0.5 -30 0 0 6.06 31
"5" 13 0.409 1 226 81 0.0499999999999999 2.4 0 145 -2 4.4 -20 0 0 -6.16 39
"6" 8 0.154 0.75 202 213 0.23 5.8 -2 -11 -5 0 34 -4 -2 1.54 44
"7" 16 0.324 0 393 203 0.258 5.7 0 190 3 4.1 -5 1 1 6.64 42
"8" 7 -0.126 -1 -38 71 0.126 -3.8 2 -109 -6 -2.3 61 2 0 3.54 -22
"9" 17 0.182 1 412 182 0.214 6.5 0 230 26 4.8 4 0 0 14.46 29
"10" -3 -0.042 0.25 -30 -17 0.084 2.5 -3 -13 -7 0.4 0 -4 -1 -0.859999999999999 13
"11" -4 -0.183 0.5 -2 -3 -0.203 -1.7 0 1 -24 2.4 -7 0 0 -12.86 14
"12" 4 0.104 -1 -1 -77 -0.13 -0.6 0 76 12 1 0 -1 -1 0.640000000000001 13
