"diff_1st Downs" "diff_3rd down efficiency" "diff_4th down efficiency" "diff_Total Yards" "diff_Passing" "diff_Comp-Att" "diff_Yards per pass" "diff_Interceptions thrown" "diff_Rushing" "diff_Rushing Attempts" "diff_Yards per rush" "diff_Penalties" "diff_Turnovers" "diff_Fumbles lost" "diff_Possession" "diff_Score"
"1" 11 -0.017 0 308 174 0.313 3.9 0 134 8 3.1 0 0 0 3.94 36
"2" 1 0.052 0.0670000000000001 40 -38 0.0569999999999999 0.8 -2 78 9 1.4 -35 -4 -2 0.899999999999999 19
"3" 9 0.017 0.75 119 -70 0.095 1.3 0 189 30 2.7 45 2 2 14.94 10
"4" 8 0.301 0.333 139 129 0.318 1.2 0 10 -12 1.5 -17 0 0 -3 28
"5" 3 0.042 -0.25 30 17 -0.084 -2.5 3 13 7 -0.4 0 4 1 0.859999999999999 -13
"6" 10 0.066 1 279 90 0.055 2.3 0 189 6 4.2 -5 0 0 9.54 30
"7" 5 0.214 0.333 156 21 0.255 4.8 -1 135 20 2.6 6 -3 -2 8.06 19
"8" -2 0.045 0 -20 -57 0.029 1.3 1 37 10 0.3 -36 0 -1 1.46 4
"9" -5 0.122 -0.5 62 -64 0.186 2.3 -2 126 3 3 19 -4 -2 0.740000000000002 29
"10" -18 -0.314 -0.75 -295 12 -0.294 -0.6 -1 -307 -33 -2.6 -6 -1 0 -23.86 -24
"11" 16 0.171 1 287 173 0.134 4.2 -2 114 15 1.8 -17 -2 0 11.76 31
"12" 12 0.039 1 269 64 0.17 1.5 -1 205 2 5.5 15 -2 -1 0.359999999999999 45
