"diff_1st Downs" "diff_3rd down efficiency" "diff_4th down efficiency" "diff_Total Yards" "diff_Passing" "diff_Comp-Att" "diff_Yards per pass" "diff_Interceptions thrown" "diff_Rushing" "diff_Rushing Attempts" "diff_Yards per rush" "diff_Penalties" "diff_Turnovers" "diff_Fumbles lost" "diff_Possession" "diff_Score"
"1" -4 -0.198 0 -134 -10 -0.128 1.7 1 -124 -7 -3.1 20 2 1 -2.64 -15
"2" -15 -0.436 -0.667 -142 -57 -0.0760000000000001 1 -1 -85 -14 -1.1 24 0 1 -7.94 -31
"3" -10 -0.242 0.333 -128 25 -0.088 0.4 0 -153 -15 -2.2 -3 -1 -1 1 -4
"4" 4 -0.083 0.5 129 4 0.108 1.6 -1 125 18 1.4 27 -1 0 11.5 4
"5" 6 0.077 1 136 157 0.092 3.4 0 -21 -4 -0.0999999999999996 -5 1 1 1.36 -1
"6" 5 0.183 -0.333 172 168 0.325 6.5 0 4 -1 0.2 18 0 0 6.86 17
"7" -11 -0.118 -0.75 -221 -69 0.157 -0.5 1 -152 -1 -3.8 -10 2 1 -1 -44
"8" -7 -0.301 0.2 -193 -87 0.00800000000000001 -2.7 0 -106 3 -3.9 31 0 0 5.24 -31
"9" -6 -0.277 -0.5 -103 -166 0.024 -2.3 1 63 -6 2.5 71 1 0 -3.56 3
"10" -24 -0.417 0 -344 -138 -0.212 -3.1 1 -206 -27 -4.2 15 0 -1 -15.16 -39
"11" 3 0.083 -0.333 113 59 -0.114 3.3 1 54 15 -0.1 26 1 0 6.74 -12
"12" -7 -0.216 -0.467 -115 179 0.792 7.5 0 -294 -49 -2.1 -10 -1 -1 -14.96 -12
