"diff_1st Downs" "diff_3rd down efficiency" "diff_4th down efficiency" "diff_Total Yards" "diff_Passing" "diff_Comp-Att" "diff_Yards per pass" "diff_Interceptions thrown" "diff_Rushing" "diff_Rushing Attempts" "diff_Yards per rush" "diff_Penalties" "diff_Turnovers" "diff_Fumbles lost" "diff_Possession" "diff_Score"
"1" -2 -0.114 0.5 -4 -149 0.146 1.6 -2 145 18 3.5 -45 -4 -2 -1.1 24
"2" 8 -0.167 0.667 -138 -104 -0.208 -9.2 -1 -34 6 -1.3 -67 0 1 5.24 -14
"3" 6 0.277 0.5 103 166 -0.024 2.3 -1 -63 6 -2.5 -71 -1 0 3.56 -3
"4" -2 -0.161 0.5 -90 36 0.0810000000000001 -1.5 1 -126 -18 -2.4 -38 1 0 -8.56 -16
"5" -12 -0.055 -0.1 -278 -138 -0.1 -5.7 0 -140 -9 -2.4 -10 1 1 -4.9 -38
"6" -10 -0.089 0.25 -135 -118 -0.269 -2.2 2 -17 -3 0 15 3 1 -8.76 -27
"7" 2 0.054 0 -46 -140 0.08 -3 -4 94 20 0.6 10 -5 -1 3.46 11
"8" -5 -0.122 1 -186 -93 -0.038 -3.8 1 -93 1 -2.7 10 1 0 0.100000000000001 -27
"9" -19 -0.223 -1 -299 50 0.267 -20.2 0 -349 -57 0.100000000000001 -20 0 0 -27.36 -28
"10" 2 -0.24 -0.333 -119 15 0.0589999999999999 -2 -1 -134 -18 -1.6 -36 0 1 -0.859999999999999 -15
"11" -10 0.054 0.333 -78 -117 -0.112 0.100000000000001 1 39 9 0.8 43 0 -1 -6 -7
"12" 10 -0.017 0.333 182 69 0.0479999999999999 -1 1 113 13 1.9 5 2 1 8.86 -5
