"diff_1st Downs" "diff_3rd down efficiency" "diff_4th down efficiency" "diff_Total Yards" "diff_Passing" "diff_Comp-Att" "diff_Yards per pass" "diff_Interceptions thrown" "diff_Rushing" "diff_Rushing Attempts" "diff_Yards per rush" "diff_Penalties" "diff_Turnovers" "diff_Fumbles lost" "diff_Possession" "diff_Score"
"1" -7 -0.052 -1 -107 -31 -0.149 0.7 -2 -76 -6 -1.9 -20 -3 -1 -15.6 4
"2" 3 -0.127 0.5 196 198 0.00600000000000001 3.8 -1 -2 -27 3 -27 0 1 -8.7 28
"3" 11 0.167 0 220 69 0.0960000000000001 2.7 0 151 9 3.7 -15 -1 -1 5.6 33
"4" 10 -0.054 -0.333 78 117 0.112 -0.100000000000001 -1 -39 -9 -0.8 -43 0 1 6 7
"5" -3 -0.083 0.333 -113 -59 0.114 -3.3 -1 -54 -15 0.1 -26 -1 0 -6.74 12
"6" 2 0.206 0 126 -22 0.098 2.9 1 148 14 3.1 7 1 0 4.54 13
"7" 3 -0.056 -1 -49 107 -0.00900000000000001 -0.399999999999999 -2 -156 -9 -3.6 -53 -2 0 6.7 -8
"8" 15 0.043 0.5 203 204 0.204 3.5 -1 -1 8 -1 -13 -1 0 13.74 17
"9" 1 -0.05 0 0 66 -0.261 -0.7 0 -66 -13 -1.3 35 -2 -2 -6.5 -7
"10" -9 0.038 -1 -202 -73 -0.163 -5.8 0 -129 -24 -2.2 -60 0 0 -19 -16
"11" -8 -0.203 -0.667 -89 13 0.01 1.6 -2 -102 -22 -0.7 -60 -3 -1 -7.36 -4
