"diff_1st Downs" "diff_3rd down efficiency" "diff_4th down efficiency" "diff_Total Yards" "diff_Passing" "diff_Comp-Att" "diff_Yards per pass" "diff_Interceptions thrown" "diff_Rushing" "diff_Rushing Attempts" "diff_Yards per rush" "diff_Penalties" "diff_Turnovers" "diff_Fumbles lost" "diff_Possession" "diff_Score"
"1" 10 0.206 -0.5 313 214 0.224 4.5 -1 99 -7 3.2 38 -1 0 0.799999999999997 31
"2" 8 0.327 0.75 102 -94 0.211 -2.4 -2 196 12 2.9 25 -2 0 17.9 31
"3" 4 0.126 1 64 81 0.227 1.3 -1 -17 -1 -0.4 7 0 1 1.5 11
"4" -17 -0.111 -0.75 -241 104 0.334 3.2 1 -345 -56 -2.2 -10 4 3 -26.54 -35
"5" 1 -0.1 -0.333 12 -141 -0.279 -4 0 153 13 3.1 28 -1 -1 1.46 -7
"6" -10 0.017 -0.333 -182 -69 -0.0479999999999999 1 -1 -113 -13 -1.9 -5 -2 -1 -8.86 5
"7" -8 -0.25 -0.75 -61 -72 -0.173 -0.899999999999999 0 11 -1 0.4 65 0 0 -11.2 -6
"8" -1 0.004 0.6 -101 -108 0.01 -0.7 -5 7 10 -0.5 -18 -6 -1 9 10
"9" -11 -0.167 0 -220 -69 -0.0960000000000001 -2.7 0 -151 -9 -3.7 15 1 1 -5.6 -33
"10" -12 -0.529 0.667 -129 -52 0.015 -2.7 -1 -77 -19 0.5 11 -1 0 -7.94 -23
"11" -5 0.022 -0.5 10 -9 0.017 0.7 1 19 -7 1.1 21 3 2 -8.14 -4
"12" 2 -0.214 0 58 86 0.029 0.3 1 -28 0 -0.7 10 -1 -2 9.24 -6
