"diff_1st Downs" "diff_3rd down efficiency" "diff_4th down efficiency" "diff_Total Yards" "diff_Passing" "diff_Comp-Att" "diff_Yards per pass" "diff_Interceptions thrown" "diff_Rushing" "diff_Rushing Attempts" "diff_Yards per rush" "diff_Penalties" "diff_Turnovers" "diff_Fumbles lost" "diff_Possession" "diff_Score"
"1" 10 0 -1 178 162 0.251 5.5 -2 16 15 -1.5 25 -1 1 3.44 11
"2" -4 -0.393 0.25 -118 -45 -0.1 -5.3 1 -73 -20 0 45 1 0 -11.8 -28
"3" 1 -0.004 -0.6 101 108 -0.01 0.7 5 -7 -10 0.5 18 6 1 -9 -10
"4" 1 -0.121 0 55 120 0.366 1.4 0 -65 -17 0.4 7 -1 -1 -8.54 7
"5" 0 -0.199 1 22 107 0.092 3.2 0 -85 1 -1.9 58 -2 -2 -0.799999999999997 17
"6" 8 0.203 0.667 89 -13 -0.01 -1.6 2 102 22 0.7 60 3 1 7.36 4
"7" -23 -0.424 0.5 -423 -224 -0.311 -4.4 -1 -199 5 -6.6 70 -1 0 -3.7 -55
"8" 4 0.02 0.5 -5 -92 -0.049 -4.1 2 87 17 0.5 -14 3 1 6.7 -12
"9" 10 0.242 -0.333 128 -25 0.088 -0.4 0 153 15 2.2 3 1 1 -1 4
"10" -15 -0.167 0.5 -312 -95 0.154 -3.7 1 -217 -14 -3.5 -15 0 -1 -10.3 -14
"11" -11 0.066 0.25 -167 -68 0.178 3.4 -3 -99 10 -3.8 -35 -4 -1 0.359999999999999 7
"12" 9 -0.217 0.4 40 86 -0.0609999999999999 -2.3 2 -46 8 -2.1 -20 2 0 8.14 -19
