"diff_1st Downs" "diff_3rd down efficiency" "diff_4th down efficiency" "diff_Total Yards" "diff_Passing" "diff_Comp-Att" "diff_Yards per pass" "diff_Interceptions thrown" "diff_Rushing" "diff_Rushing Attempts" "diff_Yards per rush" "diff_Penalties" "diff_Turnovers" "diff_Fumbles lost" "diff_Possession" "diff_Score"
"1" 2 0.386 0 286 -177 -0.125 9.3 -1 463 38 4.4 6 0 1 10.06 31
"2" 17 0.242 0.5 281 -43 -0.038 -0.8 -1 324 38 2.7 -15 0 1 16.74 31
"3" 19 0.223 1 299 -50 -0.267 20.2 0 349 57 -0.100000000000001 20 0 0 27.36 28
"4" 3 -0.035 0 113 27 0.2 13 0 86 11 1.1 7 2 2 4.64 3
"5" -3 0.044 -1 -71 -131 -0.223 1.2 -1 60 10 0.6 -48 0 1 -6.16 -5
"6" -10 -0.143 0.333 -179 -31 -0.176 -2.7 0 -148 -18 -2.1 -20 0 0 -9.64 -6
"7" 15 0.159 1 291 -86 0.524 14.9 0 377 45 4.2 13 1 1 15.64 32
"8" 7 0.216 0.467 115 -179 -0.792 -7.5 0 294 49 2.1 10 1 1 14.96 12
"9" -4 -0.083 1 -70 -61 -0.283 0.2 -1 -9 5 -0.8 -20 -1 0 -1.14 -3
"10" -1 0.121 0 -55 -120 -0.366 -1.4 0 65 17 -0.4 -7 1 1 8.54 -7
"11" 17 0.111 0.75 241 -104 -0.334 -3.2 -1 345 56 2.2 10 -4 -3 26.54 35
"12" 6 0.235 -0.5 98 -174 -0.183 -1.4 -2 272 51 4.2 -19 -3 -1 18.44 10
