"diff_1st Downs" "diff_3rd down efficiency" "diff_4th down efficiency" "diff_Total Yards" "diff_Passing" "diff_Comp-Att" "diff_Yards per pass" "diff_Interceptions thrown" "diff_Rushing" "diff_Rushing Attempts" "diff_Yards per rush" "diff_Penalties" "diff_Turnovers" "diff_Fumbles lost" "diff_Possession" "diff_Score"
"1" 11 0.409 0 175 78 0.184 3.7 0 97 26 1.4 -37 0 0 18.23 23
"2" 14 0.358 -1 333 101 0.511 4 0 232 8 4.9 11 0 0 3.76 22
"3" 7 0.023 1 210 -7 0.018 1.9 -1 217 17 3.3 25 -1 0 9.16 20
"4" 24 0.417 0 344 138 0.212 3.1 -1 206 27 4.2 -15 0 1 15.16 39
"5" -11 -0.183 0 -208 -158 0.049 0.5 -2 -50 -2 -1.3 25 -1 1 -12.04 -3
"6" -9 0.217 -0.4 -40 -86 0.0609999999999999 2.3 -2 46 -8 2.1 20 -2 0 -8.14 19
"7" 1 -0.039 -1 76 -9 -0.183 -2.2 2 85 -5 3.2 20 2 0 -7.04 -12
"8" 0 0 0 -159 -107 0.014 -7.1 1 -52 -6 -0.7 -65 2 1 -10.06 -17
"9" 7 0.196 1 195 72 0.272 2.8 1 123 9 3.2 39 1 0 8.56 17
"10" -3 -0.2 0 -145 -30 -0.527 -8.5 0 -115 -35 0.7 -19 0 0 -21.16 -17
"11" 3 -0.044 1 71 131 0.223 -1.2 1 -60 -10 -0.6 48 0 -1 6.16 5
"12" 12 0.055 0.1 278 138 0.1 5.7 0 140 9 2.4 10 -1 -1 4.9 38
"13" 14 0.208 0.5 172 181 0.4 4.3 -3 -9 11 -2.4 15 -1 2 12.96 3
