"diff_1st Downs" "diff_3rd down efficiency" "diff_4th down efficiency" "diff_Total Yards" "diff_Passing" "diff_Comp-Att" "diff_Yards per pass" "diff_Interceptions thrown" "diff_Rushing" "diff_Rushing Attempts" "diff_Yards per rush" "diff_Penalties" "diff_Turnovers" "diff_Fumbles lost" "diff_Possession" "diff_Score"
"1" 16 0.214 0.6 232 166 0.311 3.2 0 66 3 1.7 29 0 0 7.36 28
"2" 1 0.229 -0.667 95 141 0.111 -0.3 0 -46 -8 -0.2 2 0 0 6.34 -3
"3" -1 0.05 0 0 -66 0.261 0.7 0 66 13 1.3 -35 2 2 6.5 7
"4" 1 0.0549999999999999 -0.667 -58 103 -0.004 -2.8 0 -161 -12 -4.3 0 -3 -3 1.96 4
"5" 6 0.267 0.75 210 123 0.328 6.2 -1 87 5 1.7 -4 -1 0 4.54 42
"6" 6 0.119 0 106 79 0.242 2.1 -2 27 5 0.4 5 -2 0 6.16 30
"7" 14 0.214 -0.333 319 143 -0.0209999999999999 3.5 -1 176 4 5.3 -23 -1 0 5.44 23
"8" -6 -0.2 -0.667 -96 -27 0.0239999999999999 0.899999999999999 1 -69 -6 -1 -33 2 1 -8.26 -28
"9" -6 -0.471 -1 -126 27 0.227 -1 2 -153 -29 -2.1 7 1 -1 -13.2 -5
"10" -7 -0.023 -1 -210 7 -0.018 -1.9 1 -217 -17 -3.3 -25 1 0 -9.16 -20
"11" 19 0.458 0 372 174 0.126 4.8 1 198 23 2.5 -34 1 0 13.9 32
"12" -1 0.1 0.333 -12 141 0.279 4 0 -153 -13 -3.1 -28 1 1 -1.46 7
"13" 10 0.089 -0.25 135 118 0.269 2.2 -2 17 3 0 -15 -3 -1 8.76 27
"14" -1 0.039 1 -76 9 0.183 2.2 -2 -85 5 -3.2 -20 -2 0 7.04 12
