"diff_1st Downs" "diff_3rd down efficiency" "diff_4th down efficiency" "diff_Total Yards" "diff_Passing" "diff_Comp-Att" "diff_Yards per pass" "diff_Interceptions thrown" "diff_Rushing" "diff_Rushing Attempts" "diff_Yards per rush" "diff_Penalties" "diff_Turnovers" "diff_Fumbles lost" "diff_Possession" "diff_Score"
"1" -8 -0.143 -0.2 -243 53 -0.0619999999999999 -2.5 0 -296 -18 -5 12 2 2 -2.1 -53
"2" -4 0.107 -0.25 -52 -5 -0.119 -2.7 4 -47 6 -2.2 37 4 0 8.26 -32
"3" -11 -0.012 0 -180 -137 0.155 -0.899999999999999 -2 -43 -13 0.1 58 -1 1 -14.15 10
"4" -2 0.24 0.333 119 -15 -0.0589999999999999 2 1 134 18 1.6 36 0 -1 0.859999999999999 15
"5" 3 -0.011 0.667 -91 129 0.033 -0.6 -2 -220 -15 -3.3 -40 -2 0 -6.26 -7
"6" 11 -0.066 -0.25 167 68 -0.178 -3.4 3 99 -10 3.8 35 4 1 -0.359999999999999 -7
"7" -2 0.214 0 -58 -86 -0.029 -0.3 -1 28 0 0.7 -10 1 2 -9.24 6
"8" -10 0.035 0 -335 -207 -0.422 -11.4 -1 -128 -1 -3.7 -25 -1 0 5.34 -46
"9" 4 -0.295 -0.2 -27 180 0.0309999999999999 1.3 -1 -207 -8 -3.8 -30 -1 0 5.56 -19
"10" -5 -0.138 -1 -75 -126 -0.0790000000000001 -3.1 0 51 -11 3.4 -22 1 1 -12.34 -2
"11" -4 0.083 -0.5 -129 -4 -0.108 -1.6 1 -125 -18 -1.4 -27 1 0 -11.5 -4
"12" -6 -0.267 -0.75 -210 -123 -0.328 -6.2 1 -87 -5 -1.7 4 1 0 -4.54 -42
"13" -2 -0.206 0 -126 22 -0.098 -2.9 -1 -148 -14 -3.1 -7 -1 0 -4.54 -13
