"diff_1st Downs" "diff_3rd down efficiency" "diff_4th down efficiency" "diff_Total Yards" "diff_Passing" "diff_Comp-Att" "diff_Yards per pass" "diff_Interceptions thrown" "diff_Rushing" "diff_Rushing Attempts" "diff_Yards per rush" "diff_Penalties" "diff_Turnovers" "diff_Fumbles lost" "diff_Possession" "diff_Score"
"1" 20 0.673 -0.333 319 74 0.38 6.4 1 245 36 3.7 15 0 -1 16.44 41
"2" -7 -0.196 -1 -195 -72 -0.272 -2.8 -1 -123 -9 -3.2 -39 -1 0 -8.56 -17
"3" -2 0.018 -0.4 -54 -188 0.249 -0.7 -3 134 24 1.6 -18 -5 -2 13.1 17
"4" 5 -0.221 1 15 -52 0.046 -3 2 67 9 0.8 55 3 1 2.36 -13
"5" -19 -0.458 0 -372 -174 -0.126 -4.8 -1 -198 -23 -2.5 34 -1 0 -13.9 -32
"6" -9 -0.467 -0.5 -250 -170 0.037 -5.9 0 -80 -12 -1 -10 0 0 -9.26 -24
"7" -26 -0.438 -0.667 -545 -363 -0.179 -2.1 0 -182 -14 -3.9 -46 -1 -1 -14.34 -38
"8" -4 -0.126 -1 -64 -81 -0.227 -1.3 1 17 1 0.4 -7 0 -1 -1.5 -11
"9" 8 -0.012 1 39 41 0.045 -1.7 1 -2 11 -1 -38 1 0 12.34 -12
"10" 0 0.199 -1 -22 -107 -0.092 -3.2 0 85 -1 1.9 -58 2 2 0.799999999999997 -17
"11" -15 -0.159 -1 -291 86 -0.524 -14.9 0 -377 -45 -4.2 -13 -1 -1 -15.64 -32
"12" -5 -0.183 0.333 -172 -168 -0.325 -6.5 0 -4 1 -0.2 -18 0 0 -6.86 -17
