"diff_1st Downs" "diff_3rd down efficiency" "diff_4th down efficiency" "diff_Total Yards" "diff_Passing" "diff_Comp-Att" "diff_Yards per pass" "diff_Interceptions thrown" "diff_Rushing" "diff_Rushing Attempts" "diff_Yards per rush" "diff_Penalties" "diff_Turnovers" "diff_Fumbles lost" "diff_Possession" "diff_Score"
"1" -11 -0.28 0.5 -229 -237 -0.191 -4.6 0 8 3 -0.2 2 0 0 -5.24 -18
"2" 5 0.041 1 150 -150 -0.023 -2.3 0 300 10 6.4 15 2 2 -1.34 31
"3" -10 -0.379 0 -94 -189 -0.00800000000000001 -3.7 -2 95 -1 3 50 -3 -1 -3.56 3
"4" 5 0.138 1 75 126 0.0790000000000001 3.1 0 -51 11 -3.4 22 -1 -1 12.34 2
"5" 5 -0.022 0.5 -10 9 -0.017 -0.7 -1 -19 7 -1.1 -21 -3 -2 8.14 4
"6" 9 -0.038 1 202 73 0.163 5.8 0 129 24 2.2 60 0 0 19 16
"7" -6 -0.235 0.5 -98 174 0.183 1.4 2 -272 -51 -4.2 19 3 1 -18.44 -10
"8" -13 -0.333 0.5 -225 -164 -0.267 -4.6 1 -61 -4 -1.3 2 1 0 -2.74 -28
"9" -14 -0.358 1 -333 -101 -0.511 -4 0 -232 -8 -4.9 -11 0 0 -3.76 -22
"10" 2 0.161 -0.5 90 -36 -0.0810000000000001 1.5 -1 126 18 2.4 38 -1 0 8.56 16
"11" -1 -0.0549999999999999 0.667 58 -103 0.004 2.8 0 161 12 4.3 0 3 3 -1.96 -4
"12" 9 0.467 0.5 250 170 -0.037 5.9 0 80 12 1 10 0 0 9.26 24
