"diff_1st Downs" "diff_3rd down efficiency" "diff_4th down efficiency" "diff_Total Yards" "diff_Passing" "diff_Comp-Att" "diff_Yards per pass" "diff_Interceptions thrown" "diff_Rushing" "diff_Rushing Attempts" "diff_Yards per rush" "diff_Penalties" "diff_Turnovers" "diff_Fumbles lost" "diff_Possession" "diff_Score"
"1" 2 -0.286 0.5 77 146 -0.043 2.2 0 -69 -19 -0.4 -48 0 0 -8.5 6
"2" -3 0.265 0 247 183 0.269 4.5 0 64 -4 2.7 89 0 0 0.759999999999998 14
"3" -4 -0.02 -0.5 5 92 0.049 4.1 -2 -87 -17 -0.5 14 -3 -1 -6.7 12
"4" 11 0.355 -0.5 216 142 0.257 2.3 0 74 16 -0.3 5 0 0 21.84 8
"5" -7 -0.262 0.333 -173 -11 -0.091 -0.5 1 -162 -12 -2.8 -48 2 1 -2.44 -17
"6" 2 0.212 0 -36 -53 0.0379999999999999 -3.2 0 17 6 -0.5 30 0 0 7.86 -3
"7" 12 0.205 -0.5 256 116 0.157 6.2 0 140 20 1.6 82 1 1 4.36 26
"8" 15 0.288 0.6 294 89 0.214 2.5 0 205 10 4.4 10 0 0 9.44 29
"9" -2 0.2 -1 -73 78 0.00700000000000001 -4 -1 -151 -20 -2.3 16 -1 0 -6.36 -21
"10" -16 -0.31 -1 -289 -60 -0.357 -3 -1 -229 -32 -1.9 -18 -2 -1 -18.26 -27
"11" 11 0.183 0 208 158 -0.049 -0.5 2 50 2 1.3 -25 1 -1 12.04 3
"12" 7 0.129 -1 80 -225 -0.179 0.2 0 305 31 4.4 -50 0 0 4.9 9
