"diff_1st Downs" "diff_3rd down efficiency" "diff_4th down efficiency" "diff_Total Yards" "diff_Passing" "diff_Comp-Att" "diff_Yards per pass" "diff_Interceptions thrown" "diff_Rushing" "diff_Rushing Attempts" "diff_Yards per rush" "diff_Penalties" "diff_Turnovers" "diff_Fumbles lost" "diff_Possession" "diff_Score"
"1" -2 -0.054 0 46 140 -0.08 3 4 -94 -20 -0.6 -10 5 1 -3.46 -11
"2" -4 0.295 0.2 27 -180 -0.0309999999999999 -1.3 1 207 8 3.8 30 1 0 -5.56 19
"3" -6 -0.169 -0.333 -123 -43 -0.219 -4 0 -80 -14 -1 -28 0 0 -1.5 -14
"4" -8 0.012 -1 -39 -41 -0.045 1.7 -1 2 -11 1 38 -1 0 -12.34 12
"5" 8 0.1 1 186 124 0.313 5.3 -2 62 8 0.8 5 -3 -1 9.26 37
"6" 5 0.342 -0.333 433 229 0.137 12.5 0 204 -7 7.5 24 1 1 -20.3 62
"7" -25 -0.564 0 -394 -135 -0.363 -3.8 1 -259 -36 -3.4 0 1 0 -29 -38
"8" 0 0.036 0 37 -42 -0.124 -1.3 1 79 9 1.2 30 1 0 3.4 -7
"9" -10 -0.066 0 -353 -211 -0.467 -12.7 2 -142 -10 -2.4 18 2 0 -2.56 -59
"10" 6 -0.2 0.5 75 126 0.024 5.4 -1 -51 0 -1.6 -26 -1 0 1.9 10
"11" -8 -0.143 0 -184 -146 -0.264 -2.9 2 -38 3 -1.3 -2 1 -1 1.14 -31
"12" 2 0.121 0.667 113 7 0.121 4.9 -1 106 8 1.9 -60 -2 -1 11.1 35
