"diff_1st Downs" "diff_3rd down efficiency" "diff_4th down efficiency" "diff_Total Yards" "diff_Passing" "diff_Comp-Att" "diff_Yards per pass" "diff_Interceptions thrown" "diff_Rushing" "diff_Rushing Attempts" "diff_Yards per rush" "diff_Penalties" "diff_Turnovers" "diff_Fumbles lost" "diff_Possession" "diff_Score"
"1" 5 0.433 -0.667 258 266 0.243 7.2 -2 -8 -6 0.8 40 -2 0 2.34 46
"2" 22 0.308 0 351 243 0.0590000000000001 4 0 108 15 2.9 -11 -1 -1 20.1 33
"3" 15 0.31 0 248 84 0.0679999999999999 -0.9 0 164 11 3.2 3 2 2 14 17
"4" 12 0.135 1 242 43 0.346 2.2 0 199 14 3.8 -15 0 0 10.96 32
"5" 20 0.23 1 429 282 0.28 5 0 147 15 3.1 -13 -1 -1 18 55
"6" 10 0.25 0.667 184 45 0.014 1 2 139 6 3.1 -13 3 1 2.56 22
"7" -3 0.44 -0.6 98 62 -0.0169999999999999 4.4 -1 36 -5 1.3 5 0 1 2 14
"8" 1 0.231 0.5 152 -72 -0.00600000000000001 1.2 0 224 13 5 38 0 0 2.2 23
"9" 4 0.23 -0.5 -20 -228 0.197 -0.299999999999999 -2 208 24 3.4 9 -2 0 11.94 20
"10" 13 0.248 -0.667 241 125 0.141 5 -3 116 5 2.8 -40 -3 0 1.34 41
"11" 14 0.077 1 187 120 -0.0669999999999999 1.3 0 67 15 -0.2 -11 2 2 9.6 4
"12" 3 0.248 1 160 28 0.118 2.8 2 132 18 2.3 25 2 0 3.44 26
"13" 3 0.227 -0.333 68 -90 0.039 -0.5 0 158 21 1.8 43 0 0 0.0600000000000023 10
