"diff_1st Downs" "diff_3rd down efficiency" "diff_4th down efficiency" "diff_Total Yards" "diff_Passing" "diff_Comp-Att" "diff_Yards per pass" "diff_Interceptions thrown" "diff_Rushing" "diff_Rushing Attempts" "diff_Yards per rush" "diff_Penalties" "diff_Turnovers" "diff_Fumbles lost" "diff_Possession" "diff_Score"
"1" 3 0.036 -0.75 63 124 -0.0319999999999999 3.9 1 -61 -6 -1.6 -15 0 -1 -3.76 24
"2" 17 0.545 0 288 243 0.396 5.2 1 45 14 0.3 28 2 1 16.34 31
"3" 4 0.225 0 79 104 0.154 4 0 -25 2 -1 -37 1 1 7.44 8
"4" 3 -0.179 1 -57 1 -0.181 -2.7 0 -58 -6 -0.9 -1 0 0 2.16 -10
"5" 11 0.127 0.3 253 36 0.084 4.1 0 217 38 2.8 -25 1 1 18.74 10
"6" -2 -0.314 0.167 -126 -75 -0.044 -3.3 0 -51 -13 0.9 -21 -1 -1 -6.5 -3
"7" -3 -0.227 0.333 -68 90 -0.039 0.5 0 -158 -21 -1.8 -43 0 0 -0.0600000000000023 -10
"8" -2 -0.06 -0.667 37 43 -0.051 4.5 -2 -6 5 -0.600000000000001 -1 -3 -1 5.5 13
"9" 5 0.058 -0.333 -7 59 0.142 4.3 -1 -66 8 -2.7 -18 -1 0 6.8 10
"10" -2 0 0.5 -71 7 0.233 1.9 -1 -78 -2 -1.9 -16 1 2 13.76 -3
"11" -5 -0.263 -0.333 -217 -147 -0.167 -6.2 3 -70 -4 -1.4 -19 3 0 10.36 -38
"12" 3 0.221 -0.25 20 27 0.017 3.6 0 -7 7 -0.6 13 -2 -2 2.16 4
