"diff_1st Downs" "diff_3rd down efficiency" "diff_4th down efficiency" "diff_Total Yards" "diff_Passing" "diff_Comp-Att" "diff_Yards per pass" "diff_Interceptions thrown" "diff_Rushing" "diff_Rushing Attempts" "diff_Yards per rush" "diff_Penalties" "diff_Turnovers" "diff_Fumbles lost" "diff_Possession" "diff_Score"
"1" 3 -0.192 1 -44 -51 0.108 -1.9 0 7 -8 1.1 -35 1 1 -8.2 -1
"2" 8 0.383 0 288 259 0.147 5.8 1 29 -6 1.6 32 -3 -4 2.36 48
"3" 5 0.186 0.25 128 -4 0.024 0.600000000000001 -1 132 16 2 -1 -1 0 5.4 15
"4" 26 0.438 0.667 545 363 0.179 2.1 0 182 14 3.9 46 1 1 14.34 38
"5" -3 0.029 -1 -147 61 0.104 -1.8 1 -208 -21 -3.4 -26 2 1 -0.799999999999997 -27
"6" 11 0.237 0.5 96 -39 0.179 0.700000000000001 -1 135 11 2.1 -40 -1 0 12.64 25
"7" -3 0.042 -1 -98 -146 0.198 -0.7 -1 48 4 0.800000000000001 -28 -1 0 4 1
"8" 19 0.56 0 309 88 0.256 3.6 0 221 19 4.4 -34 2 2 6.3 31
"9" -1 -0.067 -0.5 -168 -252 -0.102 -5.3 -2 84 18 0.5 14 -3 -1 -1.76 4
"10" 9 0.0840000000000001 1 133 164 0.142 3.8 0 -31 5 -1.7 -5 1 1 3.56 10
"11" 0 -0.067 0.5 35 -30 -0.012 0.4 1 65 5 1 29 0 -1 5.46 3
"12" 1 -0.303 -1 -45 42 -0.056 -3.1 0 -87 -18 0.3 -5 1 1 -3.36 -15
