"diff_1st Downs" "diff_3rd down efficiency" "diff_4th down efficiency" "diff_Total Yards" "diff_Passing" "diff_Comp-Att" "diff_Yards per pass" "diff_Interceptions thrown" "diff_Rushing" "diff_Rushing Attempts" "diff_Yards per rush" "diff_Penalties" "diff_Turnovers" "diff_Fumbles lost" "diff_Possession" "diff_Score"
"1" 9 0.147 0.5 211 -101 0.0800000000000001 0.5 -2 312 28 6 35 -1 1 3.06 28
"2" 7 0.119 1 180 98 0.116 3.4 -1 82 14 0.7 80 -1 0 8.34 17
"3" -14 -0.077 -1 -187 -120 0.0669999999999999 -1.3 0 -67 -15 0.2 11 -2 -2 -9.6 -4
"4" 3 0.132 -0.5 9 -31 0.191 3 0 40 12 0.4 -25 3 3 -2.1 3
"5" -3 -0.221 0.25 -20 -27 -0.017 -3.6 0 7 -7 0.6 -13 2 2 -2.16 -4
"6" 8 0.143 0 184 146 0.264 2.9 -2 38 -3 1.3 2 -1 1 -1.14 31
"7" -3 -0.06 1 143 30 -0.099 1.7 -1 113 1 2.8 50 -2 -1 3.36 2
"8" -4 0.004 0 -114 27 0.034 -1 4 -141 -8 -2.8 -22 3 -1 -4.04 -28
"9" -1 0.12 0.25 95 44 -0.0840000000000001 1.1 1 51 -6 1.6 19 2 1 -5.4 -3
"10" 8 0.256 -1 73 154 0.162 2.6 1 -81 10 -3.6 50 0 -1 12.3 -7
"11" 6 0.115 0 164 53 -0.013 2.9 -1 111 20 1.9 0 -2 -1 13.16 13
"12" -17 -0.07 0.167 -335 -239 -0.149 -5.6 0 -96 -1 -2.4 61 1 1 8 -42
