"diff_1st Downs" "diff_3rd down efficiency" "diff_4th down efficiency" "diff_Total Yards" "diff_Passing" "diff_Comp-Att" "diff_Yards per pass" "diff_Interceptions thrown" "diff_Rushing" "diff_Rushing Attempts" "diff_Yards per rush" "diff_Penalties" "diff_Turnovers" "diff_Fumbles lost" "diff_Possession" "diff_Score"
"1" 21 0.596 0 253 285 0.143 3.7 1 -32 13 -3.2 11 1 0 22.36 26
"2" 12 0.114 1 215 248 0.171 1.7 -1 -33 -18 1.4 -10 -1 0 -5.6 31
"3" -5 0.233 0.5 85 77 0.0479999999999999 0.8 -2 8 -7 1.6 114 -3 -1 -2.4 18
"4" 15 -0.115 0.75 85 164 0.218 -2.2 -2 -79 -8 -1 -39 -2 0 11.36 23
"5" 7 -0.083 0.5 39 282 0.359 2.4 1 -243 -28 -4.9 -80 2 1 -4.14 6
"6" -3 -0.248 -1 -160 -28 -0.118 -2.8 -2 -132 -18 -2.3 -25 -2 0 -3.44 -26
"7" 16 0.402 -0.5 264 299 0.443 4.6 -2 -35 -24 2 -21 -2 0 -5.7 49
"8" 8 0.131 0.75 110 44 0.316 1.4 -2 66 2 2.6 34 0 2 13.9 22
"9" -5 -0.186 -0.25 -128 4 -0.024 -0.600000000000001 1 -132 -16 -2 1 1 0 -5.4 -15
"10" -11 -0.127 -0.3 -253 -36 -0.084 -4.1 0 -217 -38 -2.8 25 -1 -1 -18.74 -10
"11" -1 -0.153 0.5 3 -30 -0.103 -3.3 0 33 -1 1.3 80 1 1 0.960000000000001 -24
"12" 1 0.265 -0.75 1 -18 -0.12 -0.6 1 19 -2 0.6 27 2 1 4.74 2
