"diff_1st Downs" "diff_3rd down efficiency" "diff_4th down efficiency" "diff_Total Yards" "diff_Passing" "diff_Comp-Att" "diff_Yards per pass" "diff_Interceptions thrown" "diff_Rushing" "diff_Rushing Attempts" "diff_Yards per rush" "diff_Penalties" "diff_Turnovers" "diff_Fumbles lost" "diff_Possession" "diff_Score"
"1" 5 -0.08 0.667 -5 116 0.381 2.3 1 -121 -8 -2.5 -5 1 0 10.54 21
"2" -13 -0.248 0.667 -241 -125 -0.141 -5 3 -116 -5 -2.8 40 3 0 -1.34 -41
"3" 7 0.054 1 253 37 0.16 3.5 -2 216 11 4.7 16 -1 1 -6.86 36
"4" 8 0.409 0 184 144 0.411 3.1 -1 40 -9 2.4 -60 0 1 -1.8 40
"5" -10 0.143 0 -112 -101 -0.052 1 -1 -11 7 -1.2 24 0 1 -6.3 6
"6" -6 -0.115 0 -164 -53 0.013 -2.9 1 -111 -20 -1.9 0 2 1 -13.16 -13
"7" 4 0.31 0.333 99 98 0.236 4.8 0 1 10 -1.4 15 -1 -1 17.94 25
"8" -5 -0.262 -0.167 -40 215 -0.242 2 1 -255 -36 -3.1 -80 3 2 -9.24 -14
"9" -3 0.179 -1 57 -1 0.181 2.7 0 58 6 0.9 1 0 0 -2.16 10
"10" -7 0.033 0 38 56 0.169 3.2 -2 -18 -6 0.4 79 -3 -1 -1.56 11
"11" -15 -0.327 0 -278 52 0.184 1.5 0 -330 -31 -5 32 2 2 -12.66 -32
"12" -3 -0.207 1 79 261 0.365 5.8 1 -182 -6 -4.6 32 -1 -2 6.24 1
