"diff_1st Downs" "diff_3rd down efficiency" "diff_4th down efficiency" "diff_Total Yards" "diff_Passing" "diff_Comp-Att" "diff_Yards per pass" "diff_Interceptions thrown" "diff_Rushing" "diff_Rushing Attempts" "diff_Yards per rush" "diff_Penalties" "diff_Turnovers" "diff_Fumbles lost" "diff_Possession" "diff_Score"
"1" 13 0.455 -1 299 296 0.157 7.8 1 3 5 -0.6 -15 0 -1 4.76 31
"2" -13 -0.2 -0.6 -135 -37 0.15 0.4 0 -98 -34 1.1 5 2 2 -22.96 -3
"3" -11 -0.024 0 -128 -77 -0.012 1.7 0 -51 -4 -1 3 -1 -1 -8.66 8
"4" -8 -0.067 -1 -72 -20 -0.108 -1.8 0 -52 -20 1.1 35 -1 -1 -1.14 2
"5" 0 -0.081 -0.25 -50 198 -0.014 0.7 0 -248 -34 -1.3 -15 0 0 -3.56 -3
"6" -5 -0.025 -0.5 -79 78 -0.096 -1 0 -157 -25 -0.399999999999999 0 2 2 -14.24 -17
"7" 6 0.012 0 230 136 0.188 7.7 0 94 -3 2.6 -29 3 3 -4.76 17
"8" -1 0.303 1 45 -42 0.056 3.1 0 87 18 -0.3 5 -1 -1 3.36 15
"9" 5 -0.233 -0.5 -85 -77 -0.0479999999999999 -0.8 2 -8 7 -1.6 -114 3 1 2.4 -18
"10" -6 -0.063 0.5 -74 142 -0.1 -0.399999999999999 0 -216 -26 -2.8 -14 -3 -3 0.140000000000001 -4
"11" 10 -0.143 0 112 101 0.052 -1 1 11 -7 1.2 -24 0 -1 6.3 -6
"12" -6 0.018 0 -115 61 -0.073 -1.2 -2 -176 -31 -1 21 -2 0 -12.86 -3
