"diff_1st Downs" "diff_3rd down efficiency" "diff_4th down efficiency" "diff_Total Yards" "diff_Passing" "diff_Comp-Att" "diff_Yards per pass" "diff_Interceptions thrown" "diff_Rushing" "diff_Rushing Attempts" "diff_Yards per rush" "diff_Penalties" "diff_Turnovers" "diff_Fumbles lost" "diff_Possession" "diff_Score"
"1" 3 -0.056 1 -8 -30 -0.0650000000000001 0.9 0 22 -6 1.6 -19 0 0 -9.5 23
"2" 11 0.134 1 204 -70 0.0359999999999999 -0.3 -3 274 19 6.9 17 -3 0 2.8 28
"3" 0 0.072 -0.5 75 -36 0.117 1.9 -1 111 17 2.2 9 -2 -1 6.66 10
"4" 10 0.06 0.667 159 -10 -0.092 -0.100000000000001 1 169 32 0.5 -38 3 2 7.8 6
"5" 11 0.094 -0.5 39 -59 0.092 0 -1 98 15 0.5 -40 1 2 3.7 15
"6" 21 0.464 0 349 178 0.176 2.8 0 171 23 3 -39 1 1 16.5 30
"7" 3 0.207 -1 -79 -261 -0.365 -5.8 -1 182 6 4.6 -32 1 2 -6.24 -1
"8" 9 0.313 0.333 141 95 -0.034 2.2 -1 46 10 0.6 -76 0 1 1.56 31
"9" -3 0.279 0 112 34 -0.0559999999999999 -2.6 0 78 6 1.4 75 0 0 15.14 6
"10" 6 0.079 -0.5 119 0 0.105 1.9 1 119 2 3.7 -25 0 -1 -3.84 28
"11" -10 -0.00900000000000001 0.75 -90 -51 0.0810000000000001 2.8 0 -39 10 -2.3 55 -1 -1 2.46 6
"12" -3 -0.136 0 -67 106 0.146 -0.2 2 -173 -22 -2 -12 2 0 -6 -21
"13" -9 -0.0620000000000001 0 -1 44 0.172 2.8 -2 -45 -15 0.1 21 -3 -1 -10.04 29
