"diff_1st Downs" "diff_3rd down efficiency" "diff_4th down efficiency" "diff_Total Yards" "diff_Passing" "diff_Comp-Att" "diff_Yards per pass" "diff_Interceptions thrown" "diff_Rushing" "diff_Rushing Attempts" "diff_Yards per rush" "diff_Penalties" "diff_Turnovers" "diff_Fumbles lost" "diff_Possession" "diff_Score"
"1" 13 -0.246 1 321 214 0.317 7 0 107 6 2.7 10 -2 -2 10.8 30
"2" 2 0.207 1 66 61 0.298 4.8 1 5 -6 1 35 -1 -2 -1.82 29
"3" 7 -0.186 0.667 82 -73 0.236 -0.0999999999999996 -1 155 23 1.5 -49 -2 -1 13.34 21
"4" -2 -0.171 -1 6 -135 -0.073 -1.8 1 141 7 2.6 24 -1 -2 10.94 -3
"5" 7 0.167 0.667 146 85 0.042 2.2 0 61 15 0 30 0 0 17.96 17
"6" 0 -0.138 0 54 44 0.088 1.2 0 10 -2 0.6 21 0 0 13.66 3
"7" -8 0.106 -0.667 -50 -195 -0.0579999999999999 2.7 0 145 1 4.1 34 -2 -2 -9.6 8
"8" 0 -0.267 0 -65 0 -0.159 -5.1 0 -65 -4 -1.2 -49 -1 -1 0.939999999999998 -8
"9" -4 0.02 0.5 -134 -96 -0.179 -3.1 1 -38 -4 -0.600000000000001 -13 1 0 -0.140000000000001 -3
"10" -4 0.105 0.667 9 -143 -0.129 -2.1 -3 152 11 3.3 25 -6 -3 4.86 24
"11" -1 0.131 -0.667 -15 -172 0.0670000000000001 -0.7 0 157 13 3 6 0 0 5.76 7
"12" 2 -0.011 0.6 43 100 0.0640000000000001 0.5 -2 -57 -6 -1.3 -45 0 2 7.66 -2
