"diff_1st Downs" "diff_3rd down efficiency" "diff_4th down efficiency" "diff_Total Yards" "diff_Passing" "diff_Comp-Att" "diff_Yards per pass" "diff_Interceptions thrown" "diff_Rushing" "diff_Rushing Attempts" "diff_Yards per rush" "diff_Penalties" "diff_Turnovers" "diff_Fumbles lost" "diff_Possession" "diff_Score"
"1" 22 0.4 0.5 474 161 0.224 6.3 1 313 24 4.4 26 1 0 10.44 40
"2" 4 0.109 0.333 295 210 -0.00800000000000001 6.5 -2 85 1 2.3 29 -2 0 -1.56 30
"3" -7 -0.192 0 -12 47 0.01 1.1 0 -59 -23 0.6 56 1 1 -9.06 -10
"4" 10 0.00900000000000001 -0.75 90 51 -0.0810000000000001 -2.8 0 39 -10 2.3 -55 1 1 -2.46 -6
"5" 15 0.446 -0.167 378 198 -0.03 3.8 0 180 13 3.5 -3 2 2 9.7 25
"6" 5 0.447 -0.5 149 30 0.091 4.6 0 119 10 1.8 -20 -1 -1 1.46 32
"7" 4 0.0620000000000001 0.167 37 72 0.1 1.7 -1 -35 -2 -0.5 -53 0 1 0.240000000000002 7
"8" -3 0.192 -1 44 51 -0.108 1.9 0 -7 8 -1.1 35 -1 -1 8.2 1
"9" -4 0.072 -0.5 -40 23 0.086 2.8 1 -63 -7 -0.600000000000001 -42 -1 -2 1.6 4
"10" -4 0.231 0 80 56 0.022 0.6 1 24 -18 3.4 30 1 0 -6.8 -2
"11" 9 0.237 1 266 163 0.286 10.8 -1 103 16 0.9 -32 -3 -2 3.96 42
"12" 16 0.242 0.5 260 125 0.453 2.3 -1 135 9 2.7 3 0 1 12.36 35
