"diff_1st Downs" "diff_3rd down efficiency" "diff_4th down efficiency" "diff_Total Yards" "diff_Passing" "diff_Comp-Att" "diff_Yards per pass" "diff_Interceptions thrown" "diff_Rushing" "diff_Rushing Attempts" "diff_Yards per rush" "diff_Penalties" "diff_Turnovers" "diff_Fumbles lost" "diff_Possession" "diff_Score"
"1" 4 -0.072 0.5 40 -23 -0.086 -2.8 -1 63 7 0.600000000000001 42 1 2 -1.6 -4
"2" 17 -0.004 0.417 384 149 0.169 4.7 -2 235 11 4.8 34 -2 0 1.56 38
"3" -5 -0.056 0 -14 32 -0.0710000000000001 1.6 -1 -46 -7 -0.4 13 -3 -2 -5.06 14
"4" -10 -0.167 -0.25 8 -111 0.0760000000000001 0.4 -4 119 -8 3.6 80 -7 -3 -7.2 27
"5" 14 0.231 0.5 274 171 0.433 7.7 0 103 9 1.5 3 1 1 0.740000000000002 24
"6" -4 -0.037 0 54 -61 0.051 1 -1 115 8 2.4 15 -1 0 -1.14 15
"7" 14 0.346 0.5 292 49 0.0979999999999999 0.2 2 243 11 4.7 0 2 0 4.96 17
"8" -8 -0.09 0 -115 -44 0.00800000000000001 -0.700000000000001 2 -71 -9 -0.8 -57 3 1 -5.04 -24
"9" 1 0.036 0.333 88 70 0.012 3 -1 18 7 -0.5 -13 0 1 4.46 6
"10" 6 0.216 0 -96 -99 -0.301 -8.8 0 3 3 -0.2 -13 -2 -2 6.16 -1
"11" 6 0.283 0.667 154 -38 -0.139 0 0 192 21 4.1 -11 -1 -1 9.8 17
"12" -11 -0.094 0.5 -39 59 -0.092 0 1 -98 -15 -0.5 40 -1 -2 -3.7 -15
"13" 2 0.06 0.667 -37 -43 0.051 -4.5 2 6 -5 0.600000000000001 1 3 1 -5.5 -13
