"diff_1st Downs" "diff_3rd down efficiency" "diff_4th down efficiency" "diff_Total Yards" "diff_Passing" "diff_Comp-Att" "diff_Yards per pass" "diff_Interceptions thrown" "diff_Rushing" "diff_Rushing Attempts" "diff_Yards per rush" "diff_Penalties" "diff_Turnovers" "diff_Fumbles lost" "diff_Possession" "diff_Score"
"1" 18 0.643 0 244 32 0.351 3 -3 212 13 4.1 -47 -2 1 -0.5 57
"2" 12 0.144 0 219 69 0.117 1.2 0 150 26 2.6 19 -2 -2 14 23
"3" 12 0.1 -0.042 -140 -101 -0.13 -10.3 1 -39 2 -1.2 -67 2 1 7.94 -14
"4" 8 -0.143 -0.167 68 187 0.0579999999999999 -2.3 -1 -119 -19 -1.9 -31 0 1 -2.46 -3
"5" 4 -0.105 -0.667 -9 143 0.129 2.1 3 -152 -11 -3.3 -25 6 3 -4.86 -24
"6" -9 -0.237 -1 -266 -163 -0.286 -10.8 1 -103 -16 -0.9 32 3 2 -3.96 -42
"7" -8 -0.25 0 -125 17 -0.038 -2.1 1 -142 -8 -3.2 15 1 0 -4.6 -26
"8" 11 0.024 0 128 77 0.012 -1.7 0 51 4 1 -3 1 1 8.66 -8
"9" 3 0.204 -1 201 172 -0.00600000000000001 2.2 0 29 -2 1.2 103 -1 -1 2.4 6
"10" 3 -0.018 0 -54 -83 -0.108 -4.1 0 29 6 0.2 -28 0 0 5.4 2
"11" -2 0.25 -0.5 -10 -98 0.179 1.8 -4 88 17 0.100000000000001 49 -4 0 11.54 21
"12" -21 -0.464 0 -349 -178 -0.176 -2.8 0 -171 -23 -3 39 -1 -1 -16.5 -30
