"diff_1st Downs" "diff_3rd down efficiency" "diff_4th down efficiency" "diff_Total Yards" "diff_Passing" "diff_Comp-Att" "diff_Yards per pass" "diff_Interceptions thrown" "diff_Rushing" "diff_Rushing Attempts" "diff_Yards per rush" "diff_Penalties" "diff_Turnovers" "diff_Fumbles lost" "diff_Possession" "diff_Score"
"1" -4 -0.083 0 -20 94 0.0920000000000001 7.4 -1 -114 5 -3.8 4 -1 0 5.04 7
"2" 1 -0.153 0.1 -1 -51 -0.12 -1.5 1 50 4 1 -42 0 -1 9.84 -7
"3" 9 0.329 -0.5 174 -34 0.174 -0.4 0 208 19 3.7 47 0 0 10.3 21
"4" 8 -0.127 0.5 77 203 0.171 3 1 -126 -13 -1.9 32 3 2 -2.14 -5
"5" 3 0.083 0 93 -107 0.004 0.199999999999999 0 200 13 3.4 2 -1 -1 5.04 16
"6" 9 0.224 0 192 56 0.319 2.1 2 136 23 2.4 54 2 0 13.5 10
"7" -2 0.011 -0.6 -43 -100 -0.0640000000000001 -0.5 2 57 6 1.3 45 0 -2 -7.66 2
"8" 13 0.318 -1 237 49 0.382 8.1 -3 188 23 2.9 19 -2 1 17.2 21
"9" 5 0.056 0 14 -32 0.0710000000000001 -1.6 1 46 7 0.4 -13 3 2 5.06 -14
"10" -12 0.036 -0.667 -107 -152 -0.304 -1 0 45 0 1.5 -4 1 1 -2.94 -18
"11" 7 0.246 0.5 253 56 0.0519999999999999 3.9 -2 197 24 4.2 77 -2 0 12.06 30
"12" 8 0.25 0 125 -17 0.038 2.1 -1 142 8 3.2 -15 -1 0 4.6 26
