"diff_1st Downs" "diff_3rd down efficiency" "diff_4th down efficiency" "diff_Total Yards" "diff_Passing" "diff_Comp-Att" "diff_Yards per pass" "diff_Interceptions thrown" "diff_Rushing" "diff_Rushing Attempts" "diff_Yards per rush" "diff_Penalties" "diff_Turnovers" "diff_Fumbles lost" "diff_Possession" "diff_Score"
"1" 3 0.161 0 129 -11 0.081 1.2 -1 140 19 3 -4 -1 0 5.04 17
"2" 17 0.265 0 276 181 0.037 0.9 0 95 17 1.6 34 0 0 9.94 20
"3" -18 -0.108 -1 -193 -10 -0.21 -1.3 1 -183 -28 -2.8 63 0 -1 -17.46 -23
"4" -3 -0.204 1 -201 -172 0.00600000000000001 -2.2 0 -29 2 -1.2 -103 1 1 -2.4 -6
"5" -2 0.021 -0.5 -159 -87 -0.0379999999999999 -1.8 0 -72 -6 -1.2 30 3 3 -6.4 -1
"6" 5 0.161 -0.5 84 32 0.183 0.8 4 52 6 1 41 3 -1 11.84 -3
"7" -10 0.044 -0.5 -254 -193 -0.0880000000000001 -4 1 -61 3 -2.2 -3 1 0 3.44 -31
"8" -3 -0.083 0 -93 107 -0.004 -0.199999999999999 0 -200 -13 -3.4 -2 1 1 -5.04 -16
"9" -11 -0.33 -1 -63 -53 -0.105 4.1 0 -10 -8 0.0999999999999999 4 0 0 -12.3 -1
"10" -7 -0.167 -0.667 -146 -85 -0.042 -2.2 0 -61 -15 0 -30 0 0 -17.96 -17
"11" -1 0 1 -8 -69 0.112 1 0 61 30 -1 17 -2 -2 12.64 1
