"diff_1st Downs" "diff_3rd down efficiency" "diff_4th down efficiency" "diff_Total Yards" "diff_Passing" "diff_Comp-Att" "diff_Yards per pass" "diff_Interceptions thrown" "diff_Rushing" "diff_Rushing Attempts" "diff_Yards per rush" "diff_Penalties" "diff_Turnovers" "diff_Fumbles lost" "diff_Possession" "diff_Score"
"1" 11 0.249 -0.5 284 155 0.199 5 0 129 9 2.6 45 -1 -1 3.56 34
"2" -6 0.125 -0.3 -81 69 0.077 0.5 -1 -150 -13 -3.6 30 -2 -1 -10.94 1
"3" 3 -0.279 0 -112 -34 0.0559999999999999 2.6 0 -78 -6 -1.4 -75 0 0 -15.14 -6
"4" 7 -0.027 -0.167 81 85 0.206 3.4 -1 -4 -11 1.1 -31 -2 -1 -11.86 35
"5" 14 0.23 0.667 113 54 0.092 2 1 59 12 0.9 -79 1 0 0.600000000000001 28
"6" -8 -0.375 0.667 -94 -128 -0.052 1.2 1 34 3 0.5 -22 1 0 -6.06 -2
"7" 15 0.078 -0.5 66 -26 0.136 -3.5 -1 92 23 0 -39 -1 0 9.76 10
"8" 10 0.179 -0.5 157 119 0.052 4.1 -1 38 6 0.5 8 -2 -1 0.439999999999998 20
"9" 7 0.192 0 12 -47 -0.01 -1.1 0 59 23 -0.6 -56 -1 -1 9.06 10
"10" 10 0.167 0.25 -8 111 -0.0760000000000001 -0.4 4 -119 8 -3.6 -80 7 3 7.2 -27
"11" -2 0.00900000000000001 0.5 89 187 -0.039 0.800000000000001 3 -98 -16 -2.1 36 3 0 -6.74 -9
"12" 0 0.138 0 -54 -44 -0.088 -1.2 0 -10 2 -0.6 -21 0 0 -13.66 -3
