"diff_1st Downs" "diff_3rd down efficiency" "diff_4th down efficiency" "diff_Total Yards" "diff_Passing" "diff_Comp-Att" "diff_Yards per pass" "diff_Interceptions thrown" "diff_Rushing" "diff_Rushing Attempts" "diff_Yards per rush" "diff_Penalties" "diff_Turnovers" "diff_Fumbles lost" "diff_Possession" "diff_Score"
"1" 19 0.342 0.5 336 164 0.382 6.6 0 172 11 3.4 3 -1 -1 -0.939999999999998 59
"2" 6 0.078 0.5 233 22 -0.0600000000000001 2.2 1 211 3 5.5 30 2 1 -3.06 35
"3" -2 -0.127 -0.4 78 132 0 1.5 1 -54 -16 0.1 -15 1 0 -1.54 -11
"4" 17 0.017 0.75 149 -68 0.0610000000000001 -2.3 2 217 35 2.3 -1 1 -1 20.34 12
"5" -13 -0.282 -0.5 -99 -18 -0.164 -1 2 -81 -21 0.3 28 2 0 -15.24 -28
"6" 5 0.029 0.667 59 -58 0.0329999999999999 -0.0999999999999996 0 117 19 0.7 -21 0 0 7.94 -1
"7" -2 0.286 -0.5 -77 -146 0.043 -2.2 0 69 19 0.4 48 0 0 8.5 -6
"8" 6 -0.148 0.167 11 -46 0.092 1.3 -2 57 15 0.5 -48 -2 0 9.3 7
"9" 2 -0.174 1 90 138 -0.0810000000000001 3.8 0 -48 -2 -1.1 -34 3 3 -0.840000000000003 -3
"10" 4 0.0669999999999999 0 134 52 0.317 2.8 -5 82 23 -0.2 14 -4 1 20.56 28
"11" -5 -0.359 1 -86 -129 -0.038 -2 -2 43 3 0.600000000000001 1 -2 0 7.4 3
"12" -4 -0.166 0.8 -122 -15 -0.25 -7.1 1 -107 -9 -1.7 -17 -1 -2 6.8 -11
