"diff_1st Downs" "diff_3rd down efficiency" "diff_4th down efficiency" "diff_Total Yards" "diff_Passing" "diff_Comp-Att" "diff_Yards per pass" "diff_Interceptions thrown" "diff_Rushing" "diff_Rushing Attempts" "diff_Yards per rush" "diff_Penalties" "diff_Turnovers" "diff_Fumbles lost" "diff_Possession" "diff_Score"
"1" 7 0.515 -1 312 108 0.265 7.1 0 204 -13 7.7 21 2 2 -11.2 46
"2" 0 0.267 0 65 0 0.159 5.1 0 65 4 1.2 49 1 1 -0.939999999999998 8
"3" -10 0.022 -0.8 -100 -186 -0.092 0.7 -1 86 1 2.7 16 -1 0 -10.06 3
"4" 1 -0.098 0.333 88 43 -0.079 1 0 45 7 0.4 40 0 0 7.96 -7
"5" -2 -0.026 1 139 -101 0.108 1.2 -3 240 11 4.4 25 -4 -1 10.3 21
"6" -13 -0.065 -0.75 -193 130 0.03 3.2 1 -323 -27 -4 16 1 0 -3.94 -41
"7" -3 0.2 0 -92 -146 -0.071 -1.8 -1 54 -2 1.8 5 -2 -1 -4.9 13
"8" -2 0.0449999999999999 1 -8 -114 -0.101 -1.9 -1 106 4 2 -48 -2 -1 2.9 18
"9" -14 -0.307 -1 -271 -138 -0.0810000000000001 0.4 1 -133 -22 -0.5 0 -1 -2 -0.640000000000001 -10
"10" -17 -0.017 -0.75 -149 68 -0.0610000000000001 2.3 -2 -217 -35 -2.3 1 -1 1 -20.34 -12
"11" -6 -0.005 -0.167 15 37 0.018 1.4 1 -22 -16 2.1 28 2 1 -2.9 -15
"12" 0 -0.038 0 -136 -33 0.112 -4.6 0 -103 -12 -1.3 -29 1 1 2 -20
