"diff_1st Downs" "diff_3rd down efficiency" "diff_4th down efficiency" "diff_Total Yards" "diff_Passing" "diff_Comp-Att" "diff_Yards per pass" "diff_Interceptions thrown" "diff_Rushing" "diff_Rushing Attempts" "diff_Yards per rush" "diff_Penalties" "diff_Turnovers" "diff_Fumbles lost" "diff_Possession" "diff_Score"
"1" 6 0.045 0.5 122 -44 0.26 0.9 -1 166 10 2.9 -41 -1 0 4.64 34
"2" 4 -0.004 0 114 -27 -0.034 1 -4 141 8 2.8 22 -3 1 4.04 28
"3" -3 0.05 -0.8 0 -26 0.177 -2 -2 26 2 0.4 -2 -2 0 3.44 -7
"4" -11 -0.049 -0.333 -14 -243 -0.076 -1.4 -2 229 5 5.4 7 -3 -1 -4.86 9
"5" 7 0 0.75 278 133 0.113 3.1 -2 145 7 3.6 25 -3 -1 10.96 48
"6" 3 -0.116 0.5 2 132 0.0860000000000001 2.7 1 -130 -5 -2.7 36 0 -1 5.1 -7
"7" 0 0.038 0 136 33 -0.112 4.6 0 103 12 1.3 29 -1 -1 -2 20
"8" 2 0.163 0.5 -41 -96 -0.049 -1.6 0 55 15 -0.9 -50 0 0 10.14 7
"9" 3 -0.025 0 112 59 0.0710000000000001 7.7 0 53 14 0.1 -15 1 1 0.740000000000002 1
"10" -11 -0.193 0 -105 -48 -0.045 -0.700000000000001 2 -57 -26 1.5 5 2 0 -16.16 -10
"11" 13 0.282 0.5 99 18 0.164 1 -2 81 21 -0.3 -28 -2 0 15.24 28
"12" 0 0.443 -0.5 68 78 0.133 3.2 -1 -10 8 -1.1 -16 -1 0 3.24 17
"13" 2 0.179 -0.083 -65 -52 0.0620000000000001 -0.8 -1 -13 7 -1.2 -5 -1 0 4 3
