"diff_1st Downs" "diff_3rd down efficiency" "diff_4th down efficiency" "diff_Total Yards" "diff_Passing" "diff_Comp-Att" "diff_Yards per pass" "diff_Interceptions thrown" "diff_Rushing" "diff_Rushing Attempts" "diff_Yards per rush" "diff_Penalties" "diff_Turnovers" "diff_Fumbles lost" "diff_Possession" "diff_Score"
"1" -3 -0.017 -0.5 -15 -18 -0.0519999999999999 1.2 -1 3 -7 0.8 -23 -1 0 -12.26 14
"2" 17 0.246 0 111 45 0.053 -2.2 1 66 9 0.8 -26 0 -1 -1.14 17
"3" 13 0.282 0 308 221 0.268 6.1 1 87 -4 3.6 -25 2 1 -15.15 56
"4" -5 0.08 0.429 -93 -82 -0.13 0.6 -1 -11 0 -0.3 -12 -1 0 -4.06 10
"5" 11 0.245 0 12 74 0.215 0.3 -2 -62 8 -2.8 -119 -1 1 6 7
"6" -8 -0.282 0 -89 -87 -0.091 1.1 -1 -2 -1 0 2 -3 -2 -7.3 6
"7" 5 0.114 -0.5 31 101 -0.00600000000000001 0.9 -1 -70 1 -1.8 -40 0 1 2.56 -5
"8" 2 0.127 0.4 -78 -132 0 -1.5 -1 54 16 -0.1 15 -1 0 1.54 11
"9" -8 0.122 1 -124 -41 -0.131 -0.4 1 -83 -2 -1.8 9 0 -1 -6.16 -3
"10" -7 0 -0.75 -278 -133 -0.113 -3.1 2 -145 -7 -3.6 -25 3 1 -10.96 -48
"11" 2 0.026 -1 -139 101 -0.108 -1.2 3 -240 -11 -4.4 -25 4 1 -10.3 -21
"12" 9 0.247 0 50 122 0.037 -0.8 3 -72 1 -2.2 -3 2 -1 15.26 -15
