"diff_1st Downs" "diff_3rd down efficiency" "diff_4th down efficiency" "diff_Total Yards" "diff_Passing" "diff_Comp-Att" "diff_Yards per pass" "diff_Interceptions thrown" "diff_Rushing" "diff_Rushing Attempts" "diff_Yards per rush" "diff_Penalties" "diff_Turnovers" "diff_Fumbles lost" "diff_Possession" "diff_Score"
"1" -3 0.042 0.5 176 -55 0.044 4.5 -1 231 7 5.9 9 -1 0 -17.1 32
"2" 0 -0.125 0.5 135 165 0.226 4.4 -1 -30 -16 0.5 -31 -2 -1 -12.64 30
"3" -2 -0.163 -0.5 41 96 0.049 1.6 0 -55 -15 0.9 50 0 0 -10.14 -7
"4" -24 -0.467 0.5 -390 -250 -0.148 -7 1 -140 -8 -2.2 26 1 0 -5.96 -49
"5" 14 0.307 1 271 138 0.0810000000000001 -0.4 -1 133 22 0.5 0 1 2 0.640000000000001 10
"6" 5 0.359 -1 86 129 0.038 2 2 -43 -3 -0.600000000000001 -1 2 0 -7.4 -3
"7" -9 -0.247 0 -50 -122 -0.037 0.8 -3 72 -1 2.2 3 -2 1 -15.26 15
"8" 10 0.272 0.5 253 104 -0.044 3.6 -1 149 9 2.2 25 -1 0 -0.799999999999997 35
"9" -7 -0.167 0.333 -313 -131 -0.268 -3.5 0 -182 8 -5.1 25 1 1 -5.64 -31
"10" -1 0.062 -0.1 -42 -158 -0.056 0.199999999999999 -3 116 20 1.5 10 -2 1 -1.5 14
"11" -3 -0.277 -0.8 20 -13 0.0479999999999999 0.8 -1 33 -13 2.1 19 -2 -1 -14.5 -3
"12" -4 -0.055 -0.75 73 26 0.082 2.5 0 47 1 1 -32 -1 -1 -5.14 -3
