"diff_1st Downs" "diff_3rd down efficiency" "diff_4th down efficiency" "diff_Total Yards" "diff_Passing" "diff_Comp-Att" "diff_Yards per pass" "diff_Interceptions thrown" "diff_Rushing" "diff_Rushing Attempts" "diff_Yards per rush" "diff_Penalties" "diff_Turnovers" "diff_Fumbles lost" "diff_Possession" "diff_Score"
"1" 16 0.355 0.5 263 187 0.5 3.9 -1 76 10 0.399999999999999 41 -2 -1 13.2 32
"2" 7 0.357 0.75 172 16 0.298 2.5 -1 156 16 3 31 1 2 7.7 21
"3" 14 0.181 0 360 289 0.427 7.1 -2 71 3 1.8 10 -1 1 3.56 31
"4" 5 -0.044 1 94 -54 0.133 -0.8 0 148 15 2.7 -11 2 2 2.16 3
"5" 15 0.067 0 292 214 0.448 5.8 -3 78 30 -1.8 36 -3 0 20.14 12
"6" 8 0.08 -0.833 147 106 0.021 1.5 -1 41 18 -0.6 -38 0 1 3.84 -8
"7" -7 0 -0.5 -76 -36 -0.0629999999999999 0.399999999999999 0 -40 0 -1.2 41 0 0 -4.5 -7
"8" 9 0.003 0 86 -98 0.0449999999999999 0.100000000000001 0 184 28 2.8 46 2 2 13.1 -3
"9" 7 -0.055 0.5 96 -39 0.235 0.8 -2 135 18 3.2 -3 -3 -1 7.96 24
"10" 9 0.3 0 119 -9 0.451 0.3 -3 128 23 1.5 42 -3 0 16.44 17
"11" 2 0.017 -0.75 -50 -30 0.171 -0.199999999999999 0 -20 -6 0.2 15 -1 -1 -10.1 -2
"12" -6 0.069 0.667 -29 -31 0.119 2.2 -4 2 -13 1.2 -2 -5 -1 -6.7 38
