"diff_1st Downs" "diff_3rd down efficiency" "diff_4th down efficiency" "diff_Total Yards" "diff_Passing" "diff_Comp-Att" "diff_Yards per pass" "diff_Interceptions thrown" "diff_Rushing" "diff_Rushing Attempts" "diff_Yards per rush" "diff_Penalties" "diff_Turnovers" "diff_Fumbles lost" "diff_Possession" "diff_Score"
"1" -9 -0.003 0 -86 98 -0.0449999999999999 -0.100000000000001 0 -184 -28 -2.8 -46 -2 -2 -13.1 3
"2" 7 0.1 0 106 -7 -0.0129999999999999 -2.1 1 113 -8 3.7 -26 2 1 -15.94 13
"3" 3 0.032 0.333 -61 35 -0.133 -0.7 -1 -96 -1 -2.6 -18 -1 0 -4.7 3
"4" -5 -0.167 0 -247 -101 -0.268 -4.3 0 -146 -15 -3.3 -35 0 0 -15.76 -21
"5" -2 -0.163 0 -91 45 0.103 0.899999999999999 2 -136 -8 -3.2 -80 3 1 -9.46 -5
"6" -16 -0.171 -1 -287 -173 -0.134 -4.2 2 -114 -15 -1.8 17 2 0 -11.76 -31
"7" 16 0.324 0 393 203 0.258 5.7 0 190 3 4.1 -5 1 1 6.64 42
"8" 6 0.111 0.5 33 -84 -0.04 -5.2 1 117 22 0.4 -41 1 0 15.5 -14
"9" 12 0.168 0 -46 -74 -0.13 -4.7 1 28 8 0.5 -19 2 1 0.0399999999999991 -21
"10" -8 -0.305 0 -95 -47 -0.167 -4.9 0 -48 -28 0.6 -19 -1 -1 -9.7 -14
"11" 0 -0.127 -1 -33 97 0.071 0.3 1 -130 -31 -0.5 10 1 0 -17.76 -7
"12" -16 -0.324 0 -393 -203 -0.258 -5.7 0 -190 -3 -4.1 5 -1 -1 -6.64 -42
"13" -18 -0.25 0.75 -252 -267 -0.357 -2.7 -1 15 -4 0.8 -6 -1 0 -13.1 8
