"diff_1st Downs" "diff_3rd down efficiency" "diff_4th down efficiency" "diff_Total Yards" "diff_Passing" "diff_Comp-Att" "diff_Yards per pass" "diff_Interceptions thrown" "diff_Rushing" "diff_Rushing Attempts" "diff_Yards per rush" "diff_Penalties" "diff_Turnovers" "diff_Fumbles lost" "diff_Possession" "diff_Score"
"1" 11 0.118 0.75 221 69 -0.157 0.5 -1 152 1 3.8 10 -2 -1 1 44
"2" 10 -0.035 0 335 207 0.422 11.4 1 128 1 3.7 25 1 0 -5.34 46
"3" 20 0.549 0 355 249 0.558 9.3 0 106 10 1.9 -21 -1 -1 8.24 59
"4" -1 -0.012 0 66 -49 0.0509999999999999 1.6 -2 115 6 2.3 10 -2 0 3.76 7
"5" 18 0.314 0.75 295 -12 0.294 0.6 1 307 33 2.6 6 1 0 23.86 24
"6" 16 0.38 0.75 191 -48 0.01 -0.8 -1 239 29 3.7 -50 0 1 21.1 22
"7" 19 0.067 0 266 77 -0.026 3.7 0 189 20 2.8 -15 0 0 11.06 31
"8" -2 -0.017 0.75 50 30 -0.171 0.199999999999999 0 20 6 -0.2 -15 1 1 10.1 2
"9" -10 0 0 -70 -205 -0.034 1.7 -1 135 1 3.5 -13 -1 0 -7.4 21
"10" 8 0 1 46 -91 0.073 -1.4 0 137 18 2.6 -9 0 0 7.46 13
"11" 5 0.167 0 247 101 0.268 4.3 0 146 15 3.3 35 0 0 15.76 21
"12" 17 0.181 0.5 253 -15 -0.002 -0.100000000000001 -3 268 34 4.6 -25 -3 0 15.36 35
"13" -7 0.126 1 38 -71 -0.126 3.8 -2 109 6 2.3 -61 -2 0 -3.54 22
