"diff_1st Downs" "diff_3rd down efficiency" "diff_4th down efficiency" "diff_Total Yards" "diff_Passing" "diff_Comp-Att" "diff_Yards per pass" "diff_Interceptions thrown" "diff_Rushing" "diff_Rushing Attempts" "diff_Yards per rush" "diff_Penalties" "diff_Turnovers" "diff_Fumbles lost" "diff_Possession" "diff_Score"
"1" 1 -0.033 0.333 96 40 -0.083 4.3 1 56 -5 2.4 -46 0 -1 -14.74 22
"2" 18 0.401 0.5 271 33 0.0650000000000001 1.4 2 238 21 4.6 -78 -2 -4 3.8 52
"3" -18 -0.583 0.5 -268 -66 -0.143 -3.8 2 -202 -34 -2.3 0 2 0 -25 -27
"4" -17 -0.182 -1 -412 -182 -0.214 -6.5 0 -230 -26 -4.8 -4 0 0 -14.46 -29
"5" 1 0.134 -1 106 159 0.15 4.2 0 -53 -3 -1.1 31 -1 -1 -5.96 6
"6" 0 -0.136 -0.5 -7 20 -0.0279999999999999 0.6 0 -27 -9 0.5 -58 0 0 -2.24 6
"7" 18 0.25 -0.75 252 267 0.357 2.7 1 -15 4 -0.8 6 1 0 13.1 -8
"8" -3 0 0.167 -138 -74 0.114 -2.2 1 -64 -7 -1.5 -9 1 0 0.439999999999998 -11
"9" -2 0.029 -0.667 -168 -93 -0.166 -2.7 0 -75 -13 -0.5 -29 0 0 -12.54 -14
"10" -16 -0.38 -0.75 -191 48 -0.01 0.8 1 -239 -29 -3.7 50 0 -1 -21.1 -22
"11" -8 -0.08 0.833 -147 -106 -0.021 -1.5 1 -41 -18 0.6 38 0 -1 -3.84 8
"12" -5 -0.214 -0.333 -156 -21 -0.255 -4.8 1 -135 -20 -2.6 -6 3 2 -8.06 -19
