"diff_1st Downs" "diff_3rd down efficiency" "diff_4th down efficiency" "diff_Total Yards" "diff_Passing" "diff_Comp-Att" "diff_Yards per pass" "diff_Interceptions thrown" "diff_Rushing" "diff_Rushing Attempts" "diff_Yards per rush" "diff_Penalties" "diff_Turnovers" "diff_Fumbles lost" "diff_Possession" "diff_Score"
"1" 25 0.564 0 394 135 0.363 3.8 -1 259 36 3.4 0 -1 0 29 38
"2" 26 0.559 1 485 213 0.22 9.9 -1 272 33 4.1 -35 0 1 18.44 52
"3" 15 0.784 -0.8 274 76 0.183 4.5 1 198 18 2.4 -10 0 -1 12.24 42
"4" -4 0.047 0 -55 58 -0.13 2.8 1 -113 -1 -4.1 -25 0 -1 -4.74 -10
"5" 14 0.467 0.5 241 36 0.292 2.2 -2 205 32 2.5 -8 -3 -1 22.06 31
"6" 12 0.212 0 88 -142 0.0690000000000001 -1.5 -2 230 36 1.9 9 -1 1 20.74 28
"7" 4 0.165 -0.5 119 -134 -0.158 -3.4 1 253 22 4.1 0 2 1 10.44 -3
"8" 18 0.583 -0.5 268 66 0.143 3.8 -2 202 34 2.3 0 -2 0 25 27
"9" -15 -0.067 0 -292 -214 -0.448 -5.8 3 -78 -30 1.8 -36 3 0 -20.14 -12
"10" -8 -0.301 -0.333 -139 -129 -0.318 -1.2 0 -10 12 -1.5 17 0 0 3 -28
"11" 5 -0.039 -0.5 33 54 0.177 4.1 -1 -21 10 -1.4 8 -1 0 9.36 7
"12" 2 0.045 -0.5 82 128 0.11 5.2 -1 -46 4 -1.7 -23 -1 0 0.560000000000002 7
