"diff_1st Downs" "diff_3rd down efficiency" "diff_4th down efficiency" "diff_Total Yards" "diff_Passing" "diff_Comp-Att" "diff_Yards per pass" "diff_Interceptions thrown" "diff_Rushing" "diff_Rushing Attempts" "diff_Yards per rush" "diff_Penalties" "diff_Turnovers" "diff_Fumbles lost" "diff_Possession" "diff_Score"
"1" 2 -0.045 0 20 57 -0.029 -1.3 -1 -37 -10 -0.3 36 0 1 -1.46 -4
"2" 21 0.412 0.333 376 195 0.383 4.9 -2 181 9 3.8 -25 -2 0 3.56 56
"3" 0 -0.062 0 -66 -64 0.11 -2.3 0 -2 -7 0.8 -22 0 0 1.1 2
"4" 23 0.167 1 132 37 0.096 -5 -1 95 24 -0.7 -26 -1 0 25.4 6
"5" 2 -0.161 0.4 -121 -24 -0.0999999999999999 -4.4 2 -97 -4 -2.5 -29 2 0 3.94 -21
"6" 3 0.004 -0.167 59 81 0.19 2.5 -1 -22 -3 -0.3 -5 -3 -2 1.2 8
"7" -10 0 0 -70 -205 -0.034 1.7 -1 135 1 3.5 -13 -1 0 -7.4 21
"8" 2 0.338 -0.5 179 243 0.263 1.6 1 -64 -14 -0.7 64 1 0 4.84 -3
"9" 4 -0.047 0 55 -58 0.13 -2.8 -1 113 1 4.1 25 0 1 4.74 10
"10" 5 0.215 0 -14 45 0.0479999999999999 0.5 0 -59 9 -2.5 -11 2 2 4.36 2
"11" 5 0.062 0.75 50 117 0.055 -2.7 3 -67 4 -2.7 -42 2 -1 10 -11
"12" 7 0 0.5 76 36 0.0629999999999999 -0.399999999999999 0 40 0 1.2 -41 0 0 4.5 7
"13" -6 -0.111 -0.5 -33 84 0.04 5.2 -1 -117 -22 -0.4 41 -1 0 -15.5 14
