"diff_1st Downs" "diff_3rd down efficiency" "diff_4th down efficiency" "diff_Total Yards" "diff_Passing" "diff_Comp-Att" "diff_Yards per pass" "diff_Interceptions thrown" "diff_Rushing" "diff_Rushing Attempts" "diff_Yards per rush" "diff_Penalties" "diff_Turnovers" "diff_Fumbles lost" "diff_Possession" "diff_Score"
"1" 24 0.384 1 440 131 0.078 4.8 -1 309 23 5.5 17 -1 0 4.3 59
"2" 5 0.201 0.5 84 152 -0.0670000000000001 -2.7 2 -68 -14 -0.9 -13 3 1 1.26 -17
"3" -4 -0.017 -0.5 44 1 -0.249 1.5 1 43 9 0.5 30 1 0 -3.34 -1
"4" 0 0.127 1 33 -97 -0.071 -0.3 -1 130 31 0.5 -10 -1 0 17.76 7
"5" -17 -0.181 -0.5 -253 15 0.002 0.100000000000001 3 -268 -34 -4.6 25 3 0 -15.36 -35
"6" -12 -0.039 -1 -269 -64 -0.17 -1.5 1 -205 -2 -5.5 -15 2 1 -0.359999999999999 -45
"7" -1 -0.152 0 10 -173 0.0299999999999999 -1.9 -1 183 14 4 36 -2 -1 4.76 1
"8" -1 0.086 0.5 -63 -156 -0.00600000000000001 -3.2 -1 93 11 1.9 25 -1 0 3.6 2
"9" -13 -0.409 -1 -226 -81 -0.0499999999999999 -2.4 0 -145 2 -4.4 20 0 0 6.16 -39
"10" -14 -0.467 -0.5 -241 -36 -0.292 -2.2 2 -205 -32 -2.5 8 3 1 -22.06 -31
"11" 0 0.136 0.5 7 -20 0.0279999999999999 -0.6 0 27 9 -0.5 58 0 0 2.24 -6
"12" -24 -0.256 -1 -378 -307 -0.258 -5.1 0 -71 -16 -0.8 34 -1 -1 -18.34 -37
