"diff_1st Downs" "diff_3rd down efficiency" "diff_4th down efficiency" "diff_Total Yards" "diff_Passing" "diff_Comp-Att" "diff_Yards per pass" "diff_Interceptions thrown" "diff_Rushing" "diff_Rushing Attempts" "diff_Yards per rush" "diff_Penalties" "diff_Turnovers" "diff_Fumbles lost" "diff_Possession" "diff_Score"
"1" 4 0.171 1 197 33 0.208 5.9 -2 164 11 3.8 26 -2 0 1.35 38
"2" 12 0.351 -0.5 148 27 -0.026 0.2 -1 121 22 1.6 56 0 1 16.06 -3
"3" 10 0.066 0 353 211 0.467 12.7 -2 142 10 2.4 -18 -2 0 2.56 59
"4" -7 0.055 -0.5 -96 39 -0.235 -0.8 2 -135 -18 -3.2 3 3 1 -7.96 -24
"5" -5 -0.062 -0.75 -50 -117 -0.055 2.7 -3 67 -4 2.7 42 -2 1 -10 11
"6" 6 0.018 -0.333 166 0 -0.157 1 -1 166 5 3.3 -25 -1 0 -1.2 13
"7" -2 -0.045 0.5 -82 -128 -0.11 -5.2 1 46 -4 1.7 23 1 0 -0.560000000000002 -7
"8" -17 -0.174 -1 -243 -177 -0.0590000000000001 -5.4 0 -66 -8 -0.5 30 0 0 -6.06 -31
"9" 8 0.483 -0.5 173 59 0.163 4.3 -2 114 11 2.2 35 -3 -1 8.54 35
"10" -1 -0.134 1 -106 -159 -0.15 -4.2 0 53 3 1.1 -31 1 1 5.96 -6
"11" 0 0.037 -1 81 82 -0.152 0.9 2 -1 -14 0.4 20 2 0 -7.24 -14
"12" 9 0.078 0 147 -23 -0.156 -0.7 1 170 23 2.3 35 1 0 13.9 1
