"diff_1st Downs" "diff_3rd down efficiency" "diff_4th down efficiency" "diff_Total Yards" "diff_Passing" "diff_Comp-Att" "diff_Yards per pass" "diff_Interceptions thrown" "diff_Rushing" "diff_Rushing Attempts" "diff_Yards per rush" "diff_Penalties" "diff_Turnovers" "diff_Fumbles lost" "diff_Possession" "diff_Score"
"1" 3 -0.115 0.1 177 85 -0.0559999999999999 4.8 0 92 13 1.2 21 -1 -1 0.299999999999997 12
"2" -4 -0.033 0 -139 -230 0.115 -2.5 -1 91 14 1 16 -2 -1 5.5 10
"3" 15 0.243 0.25 34 -50 0.047 -2.3 -3 84 22 0.7 -69 -2 1 8.96 21
"4" 0 0.158 -0.75 -25 -84 0.026 2 -1 59 18 -0.4 -40 0 1 7.16 -1
"5" 3 0.176 0 6 61 -0.126 -0.4 1 -55 -6 -0.800000000000001 -41 1 0 1.76 -7
"6" 5 0.2 0.5 134 86 0.129 2.9 -1 48 16 0.7 5 0 1 12.46 16
"7" 19 0.4 0.667 369 223 0.305 7.2 -2 146 13 2.4 16 -3 -1 7.4 59
"8" -21 -0.596 0 -253 -285 -0.143 -3.7 -1 32 -13 3.2 -11 -1 0 -22.36 -26
"9" 1 0.188 -0.1 192 316 0.413 2.9 -2 -124 -26 -0.9 49 -3 -1 -5.14 24
"10" -1 -0.134 0 18 103 -0.013 2.3 2 -85 -7 -1.6 15 2 0 -4.3 -2
"11" 4 -0.072 0.5 71 154 -0.0559999999999999 2.2 2 -83 -8 -1.4 -35 4 2 -4.54 -10
"12" 6 -0.023 0 15 -24 -0.137 -1.8 1 39 -4 1.5 -45 1 0 2.6 -3
