"diff_1st Downs" "diff_3rd down efficiency" "diff_4th down efficiency" "diff_Total Yards" "diff_Passing" "diff_Comp-Att" "diff_Yards per pass" "diff_Interceptions thrown" "diff_Rushing" "diff_Rushing Attempts" "diff_Yards per rush" "diff_Penalties" "diff_Turnovers" "diff_Fumbles lost" "diff_Possession" "diff_Score"
"1" -15 -0.288 -0.6 -294 -89 -0.214 -2.5 0 -205 -10 -4.4 -10 0 0 -9.44 -29
"2" -4 -0.279 1 6 -31 -0.15 1 0 37 -13 3.4 -3 -2 -2 -17.86 22
"3" -5 -0.077 -0.333 -120 -212 -0.113 -2.3 0 92 6 1.9 16 0 0 -1.54 -20
"4" -17 -0.19 -0.75 -187 -70 -0.03 2.2 0 -117 -23 -0.399999999999999 40 1 1 -13.74 -14
"5" -8 -0.066 0.167 -172 -78 -0.292 -4.5 1 -94 1 -2.4 40 1 0 5.4 -18
"6" -4 -0.389 1 -109 -62 -0.178 0 1 -47 -4 -0.399999999999999 -37 0 -1 -0.399999999999999 -7
"7" 6 0.158 1 73 4 -0.127 -2.1 0 69 16 -1 25 1 1 12.64 -3
"8" -17 0.004 -0.417 -384 -149 -0.169 -4.7 2 -235 -11 -4.8 -34 2 0 -1.56 -38
"9" -3 0.247 -0.5 -51 -54 -0.172 -1.8 -2 3 6 -0.8 -20 -2 0 4.96 -4
"10" 1 -0.272 0.25 -61 -112 -0.14 -1.8 0 51 6 0.9 -80 -1 -1 -0.240000000000002 -15
"11" -7 -0.078 -0.667 -150 -154 -0.231 -2.6 1 4 13 -2.7 -29 3 2 3.9 -26
"12" -3 -0.183 0 -74 -62 0.099 -1.6 0 -12 -5 0.399999999999999 -18 2 2 5.4 -6
