"diff_1st Downs" "diff_3rd down efficiency" "diff_4th down efficiency" "diff_Total Yards" "diff_Passing" "diff_Comp-Att" "diff_Yards per pass" "diff_Interceptions thrown" "diff_Rushing" "diff_Rushing Attempts" "diff_Yards per rush" "diff_Penalties" "diff_Turnovers" "diff_Fumbles lost" "diff_Possession" "diff_Score"
"1" 4 -0.038 0.667 44 63 0.013 1.7 0 -19 0 -0.5 -28 1 1 -4.06 3
"2" 12 0.252 -0.333 326 370 0.368 6 -1 -44 -14 0.399999999999999 35 -3 -2 12 37
"3" 8 0.383 -0.5 -79 83 -0.056 0.5 1 -162 13 -5.4 -54 1 0 10 -10
"4" -1 -0.192 0.25 -70 -94 -0.179 -3.9 0 24 -13 1.7 -25 1 1 -10.84 -11
"5" -8 -0.176 0 -225 21 -0.0589999999999999 -0.8 -1 -246 -19 -3.4 29 -1 0 -8.06 -14
"6" 3 0.183 0 74 62 -0.099 1.6 0 12 5 -0.399999999999999 18 -2 -2 -5.4 6
"7" 8 0.141 0 122 204 -0.0900000000000001 0.300000000000001 0 -82 -5 -2 9 1 1 1.5 -3
"8" -1 -0.159 -0.5 -5 41 -0.0710000000000001 -0.7 1 -46 -8 0.0999999999999996 19 0 -1 8.44 -8
"9" -10 -0.075 -1 -181 249 0.356 4.2 3 -430 -51 -5.2 0 3 0 -20.86 -32
"10" 6 -0.022 -0.5 174 -41 0.203 2.9 1 215 20 3.3 -8 2 1 3.7 11
"11" -5 -0.2 -0.5 -134 -86 -0.129 -2.9 1 -48 -16 -0.7 -5 0 -1 -12.46 -16
"12" -5 0.158 0.5 -75 -70 0.0279999999999999 -0.899999999999999 -1 -5 9 -1.6 -15 -1 0 -0.759999999999998 7
