"diff_1st Downs" "diff_3rd down efficiency" "diff_4th down efficiency" "diff_Total Yards" "diff_Passing" "diff_Comp-Att" "diff_Yards per pass" "diff_Interceptions thrown" "diff_Rushing" "diff_Rushing Attempts" "diff_Yards per rush" "diff_Penalties" "diff_Turnovers" "diff_Fumbles lost" "diff_Possession" "diff_Score"
"1" 23 0.424 -0.5 423 224 0.311 4.4 1 199 -5 6.6 -70 1 0 3.7 55
"2" 12 -0.068 0.333 340 145 0.15 8 1 195 -1 5 35 1 0 -12.76 56
"3" 25 0.506 0.5 499 285 0.198 4.9 0 214 8 6.2 19 1 1 4.56 52
"4" 6 0.063 -0.5 74 -142 0.1 0.399999999999999 0 216 26 2.8 14 3 3 -0.140000000000001 4
"5" 1 0.153 -0.5 -3 30 0.103 3.3 0 -33 1 -1.3 -80 -1 -1 -0.960000000000001 24
"6" 15 0.186 1 321 117 0.127 4.3 -1 204 20 3.4 0 0 1 11.36 34
"7" 5 0.381 -1 121 266 0.189 8.1 1 -145 -9 -2.3 53 -1 -2 -2.34 22
"8" -9 0.083 0.5 3 -79 0.0159999999999999 -3.1 0 82 -9 4.3 70 0 0 -1.46 1
"9" -10 0.349 0 178 48 0 5.2 1 130 -9 3.8 70 0 -1 -6.9 23
"10" 3 -0.038 1 2 70 -0.004 -3.6 -1 -68 -8 -1 91 -1 0 14.96 -3
"11" 3 -0.042 1 98 146 -0.198 0.7 1 -48 -4 -0.800000000000001 28 1 0 -4 -1
"12" -4 -0.071 0 -86 -3 0.074 -0.3 0 -83 -13 -0.9 -5 0 0 2.76 6
