"diff_1st Downs" "diff_3rd down efficiency" "diff_4th down efficiency" "diff_Total Yards" "diff_Passing" "diff_Comp-Att" "diff_Yards per pass" "diff_Interceptions thrown" "diff_Rushing" "diff_Rushing Attempts" "diff_Yards per rush" "diff_Penalties" "diff_Turnovers" "diff_Fumbles lost" "diff_Possession" "diff_Score"
"1" -1 0 -1 9 -102 0.087 1 -1 111 14 1.4 -2 -1 0 -2.8 7
"2" 5 0.262 0.167 40 -215 0.242 -2 -1 255 36 3.1 80 -3 -2 9.24 14
"3" 1 -0.004 -0.5 188 28 0.0549999999999999 4.1 1 160 4 4.3 -5 3 2 -11.7 11
"4" 10 -0.349 0 -178 -48 0 -5.2 -1 -130 9 -3.8 -70 0 1 6.9 -23
"5" 5 -0.217 0.667 113 60 0.022 -1.3 1 53 4 1 9 1 0 -1.26 -2
"6" 0 0.067 -0.5 -35 30 0.012 -0.4 -1 -65 -5 -1 -29 0 1 -5.46 -3
"7" -8 -0.021 -0.667 -200 -72 0.19 0.899999999999999 -1 -128 -10 -0.899999999999999 -55 -3 -2 -0.340000000000003 15
"8" 8 0.067 1 72 20 0.108 1.8 0 52 20 -1.1 -35 1 1 1.14 -2
"9" -15 0.115 -0.75 -85 -164 -0.218 2.2 2 79 8 1 39 2 0 -11.36 -23
"10" 7 0.262 -0.333 173 11 0.091 0.5 -1 162 12 2.8 48 -2 -1 2.44 17
"11" 3 -0.00800000000000001 0 52 -41 -0.0469999999999999 1.2 0 93 9 1.1 -2 1 1 -0.340000000000003 14
"12" 3 0.06 -1 -143 -30 0.099 -1.7 1 -113 -1 -2.8 -50 2 1 -3.36 -2
