"diff_1st Downs" "diff_3rd down efficiency" "diff_4th down efficiency" "diff_Total Yards" "diff_Passing" "diff_Comp-Att" "diff_Yards per pass" "diff_Interceptions thrown" "diff_Rushing" "diff_Rushing Attempts" "diff_Yards per rush" "diff_Penalties" "diff_Turnovers" "diff_Fumbles lost" "diff_Possession" "diff_Score"
"1" 7 0.056 0.5 226 15 0.036 4.6 2 211 10 4.6 -50 2 0 -4.1 26
"2" -3 0.056 1 49 -107 0.00900000000000001 0.399999999999999 2 156 9 3.6 53 2 0 -6.7 8
"3" 5 -0.122 0.5 -62 64 -0.186 -2.3 2 -126 -3 -3 -19 4 2 -0.740000000000002 -29
"4" 1 -0.12 -0.25 -95 -44 0.0840000000000001 -1.1 -1 -51 6 -1.6 -19 -2 -1 5.4 3
"5" 1 0.067 0.5 168 252 0.102 5.3 2 -84 -18 -0.5 -14 3 1 1.76 -4
"6" -3 0.00800000000000001 0 -52 41 0.0469999999999999 -1.2 0 -93 -9 -1.1 2 -1 -1 0.340000000000003 -14
"7" 6 -0.018 0 115 -61 0.073 1.2 2 176 31 1 -21 2 0 12.86 3
"8" -6 0 0.6 -11 -178 -0.025 1 -2 167 13 3.1 23 -2 0 0 24
"9" -12 -0.135 -1 -242 -43 -0.346 -2.2 0 -199 -14 -3.8 15 0 0 -10.96 -32
"10" -11 -0.275 0.167 -137 10 -0.003 1.4 1 -147 -21 -0.2 -3 2 1 0.899999999999999 -14
"11" -7 0.083 -0.5 -39 -282 -0.359 -2.4 -1 243 28 4.9 80 -2 -1 4.14 -6
"12" -5 -0.381 1 -121 -266 -0.189 -8.1 -1 145 9 2.3 -53 1 2 2.34 -22
