"diff_1st Downs" "diff_3rd down efficiency" "diff_4th down efficiency" "diff_Total Yards" "diff_Passing" "diff_Comp-Att" "diff_Yards per pass" "diff_Interceptions thrown" "diff_Rushing" "diff_Rushing Attempts" "diff_Yards per rush" "diff_Penalties" "diff_Turnovers" "diff_Fumbles lost" "diff_Possession" "diff_Score"
"1" -2 -0.032 1 5 -48 0.02 0.2 -1 53 0 1.4 23 0 1 -4.56 3
"2" -5 -0.058 0.333 7 -59 -0.142 -4.3 1 66 -8 2.7 18 1 0 -6.8 -10
"3" -6 -0.158 -1 -73 -4 0.127 2.1 0 -69 -16 1 -25 -1 -1 -12.64 3
"4" -7 0.056 -0.25 255 134 0.102 11.3 1 121 -17 6.4 -5 0 -1 -12.94 35
"5" -8 -0.256 1 -73 -154 -0.162 -2.6 -1 81 -10 3.6 -50 0 1 -12.3 7
"6" -9 -0.0840000000000001 -1 -133 -164 -0.142 -3.8 0 31 -5 1.7 5 -1 -1 -3.56 -10
"7" 10 0.25 0.667 184 45 0.014 1 2 139 6 3.1 -13 3 1 2.56 22
"8" 15 0.327 0 278 -52 -0.184 -1.5 0 330 31 5 -32 -2 -2 12.66 32
"9" 4 -0.2 0.833 18 104 -0.253 -2.4 1 -86 0 -2 -3 0 -1 9.9 -5
"10" 5 0.025 0.5 79 -78 0.096 1 0 157 25 0.399999999999999 0 -2 -2 14.24 17
"11" 2 -0.233 0.75 162 292 -0.044 2.5 0 -130 -25 -1.7 45 0 0 -6.86 -7
"12" -4 -0.0620000000000001 -0.167 -37 -72 -0.1 -1.7 1 35 2 0.5 53 0 -1 -0.240000000000002 -7
"13" -11 -0.226 -1 -134 -9 -0.0630000000000001 0.899999999999999 0 -125 -6 -3 32 0 0 0.840000000000003 -27
