"diff_1st Downs" "diff_3rd down efficiency" "diff_4th down efficiency" "diff_Total Yards" "diff_Passing" "diff_Comp-Att" "diff_Yards per pass" "diff_Interceptions thrown" "diff_Rushing" "diff_Rushing Attempts" "diff_Yards per rush" "diff_Penalties" "diff_Turnovers" "diff_Fumbles lost" "diff_Possession" "diff_Score"
"1" 4 0.29 0.6 87 -119 -0.074 -0.2 0 206 11 4.2 -21 1 1 -13.94 18
"2" 13 0.153 -0.2 277 146 0.11 4.5 -1 131 -3 3.7 11 -3 -2 -12.54 56
"3" 1 0.159 0.5 5 -41 0.0710000000000001 0.7 -1 46 8 -0.0999999999999996 -19 0 1 -8.44 8
"4" 2 0 -0.5 71 -7 -0.233 -1.9 1 78 2 1.9 16 -1 -2 -13.76 3
"5" 11 0.275 -0.167 137 -10 0.003 -1.4 -1 147 21 0.2 3 -2 -1 -0.899999999999999 14
"6" 4 0.071 0 86 3 -0.074 0.3 0 83 13 0.9 5 0 0 -2.76 -6
"7" -1 -0.265 0.75 -1 18 0.12 0.6 -1 -19 2 -0.6 -27 -2 -1 -4.74 -2
"8" 18 0.134 1 333 70 0.07 7.2 1 263 28 3.5 30 1 0 1.76 42
"9" 1 0.315 -0.25 188 167 0.0700000000000001 6.6 2 21 -12 2 35 1 -1 -22.56 24
"10" -11 -0.237 -0.5 -96 39 -0.179 -0.700000000000001 1 -135 -11 -2.1 40 1 0 -12.64 -25
"11" 0 0.081 0.25 50 -198 0.014 -0.7 0 248 34 1.3 15 0 0 3.56 3
"12" 8 0.021 0.667 200 72 -0.19 -0.899999999999999 1 128 10 0.899999999999999 55 3 2 0.340000000000003 -15
