"diff_1st Downs" "diff_3rd down efficiency" "diff_4th down efficiency" "diff_Total Yards" "diff_Passing" "diff_Comp-Att" "diff_Yards per pass" "diff_Interceptions thrown" "diff_Rushing" "diff_Rushing Attempts" "diff_Yards per rush" "diff_Penalties" "diff_Turnovers" "diff_Fumbles lost" "diff_Possession" "diff_Score"
"1" 15 0.028 1 226 82 0.143 3.7 -2 144 24 1.6 -35 -2 0 -0.159999999999997 49
"2" 5 0.385 1 400 197 0.104 12.3 0 203 21 3.8 41 -1 -1 -10.56 57
"3" -4 0.2 -0.833 -18 -104 0.253 2.4 -1 86 0 2 3 0 1 -9.9 5
"4" -3 0.038 -1 -2 -70 0.004 3.6 1 68 8 1 -91 1 0 -14.96 3
"5" 2 0.5 1 304 179 0.107 6.7 0 125 17 1.8 70 -1 -1 -0.659999999999997 41
"6" 5 0.263 0.333 217 147 0.167 6.2 -3 70 4 1.4 19 -3 0 -10.36 38
"7" 17 0.07 -0.167 335 239 0.149 5.6 0 96 1 2.4 -61 -1 -1 -8 42
"8" -1 0.153 -0.1 1 51 0.12 1.5 -1 -50 -4 -1 42 0 1 -9.84 7
"9" 3 -0.029 1 147 -61 -0.104 1.8 -1 208 21 3.4 26 -2 -1 0.799999999999997 27
"10" 3 -0.44 0.6 -98 -62 0.0169999999999999 -4.4 1 -36 5 -1.3 -5 0 -1 -2 -14
"11" -4 -0.31 -0.333 -99 -98 -0.236 -4.8 0 -1 -10 1.4 -15 1 1 -17.94 -25
"12" -1 -0.176 0.667 259 44 -0.0549999999999999 3.3 0 215 -16 8.6 -25 -1 -1 -27.5 56
