"diff_1st Downs" "diff_3rd down efficiency" "diff_4th down efficiency" "diff_Total Yards" "diff_Passing" "diff_Comp-Att" "diff_Yards per pass" "diff_Interceptions thrown" "diff_Rushing" "diff_Rushing Attempts" "diff_Yards per rush" "diff_Penalties" "diff_Turnovers" "diff_Fumbles lost" "diff_Possession" "diff_Score"
"1" -6 0.118 0 -71 -98 0.033 -1.7 0 27 -9 1.8 0 -1 -1 -9.03 11
"2" -10 -0.179 0.5 -157 -119 -0.052 -4.1 1 -38 -6 -0.5 -8 2 1 -0.439999999999998 -20
"3" -1 -0.315 0.25 -188 -167 -0.0700000000000001 -6.6 -2 -21 12 -2 -35 -1 1 22.56 -24
"4" 7 -0.033 0 -38 -56 -0.169 -3.2 2 18 6 -0.4 -79 3 1 1.56 -11
"5" -2 0.233 -0.75 -162 -292 0.044 -2.5 0 130 25 1.7 -45 0 0 6.86 7
"6" 1 0.176 -0.667 -259 -44 0.0549999999999999 -3.3 0 -215 16 -8.6 25 1 1 27.5 -56
"7" 8 0.143 0.2 243 -53 0.0619999999999999 2.5 0 296 18 5 -12 -2 -2 2.1 53
"8" 4 0.083 0.667 74 52 -0.088 1.3 -1 22 8 -0.5 10 0 1 1.3 10
"9" -25 -0.506 -0.5 -499 -285 -0.198 -4.9 0 -214 -8 -6.2 -19 -1 -1 -4.56 -52
"10" -20 -0.23 -1 -429 -282 -0.28 -5 0 -147 -15 -3.1 13 1 1 -18 -55
"11" -3 -0.132 0.5 -9 31 -0.191 -3 0 -40 -12 -0.4 25 -3 -3 2.1 -3
"12" 2 0.314 -0.167 126 75 0.044 3.3 0 51 13 -0.9 21 1 1 6.5 3
