"diff_1st Downs" "diff_3rd down efficiency" "diff_4th down efficiency" "diff_Total Yards" "diff_Passing" "diff_Comp-Att" "diff_Yards per pass" "diff_Interceptions thrown" "diff_Rushing" "diff_Rushing Attempts" "diff_Yards per rush" "diff_Penalties" "diff_Turnovers" "diff_Fumbles lost" "diff_Possession" "diff_Score"
"1" 1 0.017 -0.5 -69 22 -0.023 -0.0999999999999996 -1 -91 -7 -1.7 -20 -1 0 -5.54 7
"2" 3 0.109 0 -14 -23 -0.033 -1.9 0 9 6 -0.5 8 2 2 1.4 -3
"3" 1 0 0 -50 129 0.048 0.2 0 -179 -16 -3.8 -34 0 0 -2.54 -7
"4" 7 0.221 0.5 128 132 0.0680000000000001 -1.6 1 -4 -12 0.9 60 3 2 -4.96 -18
"5" 3 -0.227 0.333 41 33 -0.0419999999999999 -0.2 2 8 -2 0.5 -12 2 0 -8.94 -6
"6" -18 -0.401 -0.5 -271 -33 -0.0650000000000001 -1.4 -2 -238 -21 -4.6 78 2 4 -3.8 -52
"7" -5 -0.385 -1 -400 -197 -0.104 -12.3 0 -203 -21 -3.8 -41 1 1 10.56 -57
"8" 8 0.014 0.25 -83 -9 -0.093 -8.1 1 -74 -5 -2 -25 2 1 4.8 -21
"9" 6 0.138 -0.25 37 170 0.184 0.4 2 -133 4 -3.7 -20 2 0 11.54 -6
"10" 12 0.111 -1 251 140 0.209 5.3 -1 111 -1 3.1 -35 0 1 0.299999999999997 32
"11" 1 0.269 -0.6 15 -10 0.094 -0.6 1 25 -1 1.1 -26 1 0 -5.1 -1
