"diff_1st Downs" "diff_3rd down efficiency" "diff_4th down efficiency" "diff_Total Yards" "diff_Passing" "diff_Comp-Att" "diff_Yards per pass" "diff_Interceptions thrown" "diff_Rushing" "diff_Rushing Attempts" "diff_Yards per rush" "diff_Penalties" "diff_Turnovers" "diff_Fumbles lost" "diff_Possession" "diff_Score"
"1" -9 -0.105 0.333 -139 -70 -0.134 -2.1 -1 -69 -21 0.2 -30 0 1 -16.4 -14
"2" 17 0.337 1 355 89 0.013 3 0 266 15 5.7 11 0 0 -3 41
"3" 4 0.25 0 104 88 -0.0810000000000001 0.8 0 16 10 -0.2 18 0 0 12.54 -1
"4" 1 0.102 -0.5 -63 -49 -0.2 -5.9 1 -14 -12 0.7 -102 4 3 -7.06 -16
"5" -7 -0.117 -0.6 -11 -74 -0.123 0.9 -1 63 -21 4.2 -49 0 1 -16.9 4
"6" -6 0.118 -1 -104 -8 0.177 3.1 1 -96 -11 -1 20 2 1 -4.26 -2
"7" 3 0.017 0.5 15 18 0.0519999999999999 -1.2 1 -3 7 -0.8 23 1 0 12.26 -14
"8" -1 -0.052 -0.0670000000000001 -40 38 -0.0569999999999999 -0.8 2 -78 -9 -1.4 35 4 2 -0.899999999999999 -19
"9" -7 -0.182 0.6 -162 66 -0.0219999999999999 -2.6 0 -228 -24 -3.9 40 2 2 -5.24 -21
"10" -1 0 0 50 -129 -0.048 -0.2 0 179 16 3.8 34 0 0 2.54 7
"11" 11 0.129 1 135 48 0.236 2.8 0 87 21 -0.3 -2 2 2 10.84 13
"12" -12 -0.085 -0.5 -208 -198 -0.255 -3.4 3 -10 -6 0.4 -85 3 0 -13.26 -19
