"diff_1st Downs" "diff_3rd down efficiency" "diff_4th down efficiency" "diff_Total Yards" "diff_Passing" "diff_Comp-Att" "diff_Yards per pass" "diff_Interceptions thrown" "diff_Rushing" "diff_Rushing Attempts" "diff_Yards per rush" "diff_Penalties" "diff_Turnovers" "diff_Fumbles lost" "diff_Possession" "diff_Score"
"1" -6 -0.122 -1 -97 -80 0.0139999999999999 2.1 0 -17 5 -1.2 -49 0 0 -3.6 8
"2" -16 0.098 -0.75 -171 -107 -0.0579999999999999 -0.199999999999999 1 -64 -24 0.7 48 1 0 -17.24 -19
"3" 7 0.052 -0.5 84 35 0.098 0.3 1 49 -5 1.5 -35 2 1 -3.26 7
"4" -9 -0.408 0.333 -184 74 -0.272 0.899999999999999 1 -258 -22 -4.8 35 2 1 -18.44 -29
"5" -3 0.021 0 -157 -139 -0.014 -4.7 1 -18 10 -1.3 -33 -1 -2 12.24 -3
"6" 12 0.085 0.5 208 198 0.255 3.4 -3 10 6 -0.4 85 -3 0 13.26 19
"7" 0 -0.181 0.5 -98 10 -0.04 -3.1 3 -108 -12 -2.5 -35 5 2 -0.840000000000003 -28
"8" 7 0.289 0 106 -29 0.011 1.3 1 135 28 -1.4 -37 0 -1 9.44 9
"9" 2 0.222 -1 114 85 0.292 4.6 0 29 4 0.5 -27 0 0 0.439999999999998 22
"10" 5 0.088 0.5 56 19 -0.00600000000000001 -1.2 -2 37 12 -0.1 55 -3 -1 14.3 4
"11" -3 0.227 -0.333 -41 -33 0.0419999999999999 0.2 -2 -8 2 -0.5 12 -2 0 8.94 6
"12" 10 -0.021 -0.4 102 74 0.331 0.100000000000001 0 28 11 -0.2 -56 -1 -1 18.64 7
