"diff_1st Downs" "diff_3rd down efficiency" "diff_4th down efficiency" "diff_Total Yards" "diff_Passing" "diff_Comp-Att" "diff_Yards per pass" "diff_Interceptions thrown" "diff_Rushing" "diff_Rushing Attempts" "diff_Yards per rush" "diff_Penalties" "diff_Turnovers" "diff_Fumbles lost" "diff_Possession" "diff_Score"
"1" 13 0.545 -0.5 249 8 0.231 8.1 0 241 10 4.5 20 0 0 -10.64 53
"2" 17 0.333 -0.5 286 76 0.00800000000000001 2.5 0 210 29 1.4 45 2 2 -0.200000000000003 7
"3" -6 -0.138 0.25 -37 -170 -0.184 -0.4 -2 133 -4 3.7 20 -2 0 -11.54 6
"4" 4 -0.038 0.333 -36 -65 -0.015 -1.7 -1 29 12 -0.7 -27 -1 0 -2.5 -7
"5" -10 0.021 0.4 -102 -74 -0.331 -0.100000000000001 0 -28 -11 0.2 56 1 1 -18.64 -7
"6" -10 -0.012 -0.167 -185 -200 -0.176 -2.2 3 15 5 -0.1 18 2 -1 -5.3 -25
"7" 0 0.125 -0.5 -135 -165 -0.226 -4.4 1 30 16 -0.5 31 2 1 12.64 -30
"8" -15 -0.31 0 -248 -84 -0.0679999999999999 0.9 0 -164 -11 -3.2 -3 -2 -2 -14 -17
"9" 6 0.185 -0.5 0 127 -0.0680000000000001 -5.1 -1 -127 -15 -1.6 -14 0 1 -12.06 -3
"10" -4 -0.226 -1 -97 -101 -0.227 -5.8 1 4 -3 0.4 20 0 -1 -6.64 -21
"11" 5 -0.122 0.4 104 -32 -0.171 1.2 -1 136 3 3.2 -15 -2 -1 -7.96 34
"12" -4 -0.055 -0.2 18 -15 -0.302 -1.5 1 33 -10 1.5 14 0 -1 -16.1 3
