"diff_1st Downs" "diff_3rd down efficiency" "diff_4th down efficiency" "diff_Total Yards" "diff_Passing" "diff_Comp-Att" "diff_Yards per pass" "diff_Interceptions thrown" "diff_Rushing" "diff_Rushing Attempts" "diff_Yards per rush" "diff_Penalties" "diff_Turnovers" "diff_Fumbles lost" "diff_Possession" "diff_Score"
"1" 12 0.348 0.5 189 13 -0.00600000000000001 1.2 -1 176 15 3.6 3 1 2 5.04 17
"2" -12 -0.409 0 -295 -225 -0.3 -3.7 0 -70 0 -1.9 -39 -2 -2 -2.54 -21
"3" -6 -0.185 0.5 0 -127 0.0680000000000001 5.1 1 127 15 1.6 14 0 -1 12.06 3
"4" 1 -0.322 0.333 1 99 0.0680000000000001 2.1 0 -98 -17 -1 25 1 1 -6.9 -6
"5" -11 -0.419 -1 -243 -118 0.055 -0.9 0 -125 -22 -1.2 -39 0 0 -22.66 -16
"6" 7 0.047 1 -60 75 -0.215 0.4 -1 -135 0 -3.8 -50 -1 0 2.34 1
"7" -3 -0.036 0.75 -63 -124 0.0319999999999999 -3.9 -1 61 6 1.6 15 0 1 3.76 -24
"8" -4 -0.079 -0.5 -86 -195 -0.223 -2.5 0 109 13 1.4 -7 -2 -2 4.36 3
"9" -5 0.071 -1 81 -69 -0.005 -0.800000000000001 0 150 4 3.7 60 -1 -1 4.06 -4
"10" -11 0 -1 -136 -58 -0.023 0.300000000000001 -1 -78 -10 -1.1 -25 -1 0 -5.84 -4
"11" -7 -0.221 -0.5 -128 -132 -0.0680000000000001 1.6 -1 4 12 -0.9 -60 -3 -2 4.96 18
"12" 5 0.389 -1 -9 20 -0.158 0.5 -1 -29 16 -2.7 10 0 1 9.06 6
"13" -5 -0.297 0.467 -118 -90 -0.0509999999999999 -3 -1 -28 -1 -0.6 -25 -3 -2 -6.66 -4
