"diff_1st Downs" "diff_3rd down efficiency" "diff_4th down efficiency" "diff_Total Yards" "diff_Passing" "diff_Comp-Att" "diff_Yards per pass" "diff_Interceptions thrown" "diff_Rushing" "diff_Rushing Attempts" "diff_Yards per rush" "diff_Penalties" "diff_Turnovers" "diff_Fumbles lost" "diff_Possession" "diff_Score"
"1" -6 -0.122 0 -62 -84 -0.078 0.799999999999999 -2 22 4 0 3 -2 0 -0.899999999999999 7
"2" -4 -0.083 -0.667 -74 -52 0.088 -1.3 1 -22 -8 0.5 -10 0 -1 -1.3 -10
"3" 7 0.138 0 75 94 -0.102 -3.2 4 -19 5 -1 36 4 0 16.26 -20
"4" -11 -0.129 -1 -135 -48 -0.236 -2.8 0 -87 -21 0.3 2 -2 -2 -10.84 -13
"5" -5 -0.389 1 9 -20 0.158 -0.5 1 29 -16 2.7 -10 0 -1 -9.06 -6
"6" -12 -0.111 1 -251 -140 -0.209 -5.3 1 -111 1 -3.1 35 0 -1 -0.299999999999997 -32
"7" -4 0.038 -0.667 -44 -63 -0.013 -1.7 0 19 0 0.5 28 -1 -1 4.06 -3
"8" -4 -0.225 0 -79 -104 -0.154 -4 0 25 -2 1 37 -1 -1 -7.44 -8
"9" -2 0.012 -1 46 -209 -0.104 -0.2 -1 255 26 3.3 13 0 1 10.26 -6
"10" 9 0.408 -0.333 184 -74 0.272 -0.899999999999999 -1 258 22 4.8 -35 -2 -1 18.44 29
"11" -3 -0.285 0.5 23 -90 -0.038 -1.6 0 113 15 0.899999999999999 50 0 0 5 -7
"12" -6 0.099 -0.25 37 -52 -0.056 1.2 3 89 6 1.5 19 1 -2 -5 3
