"diff_1st Downs" "diff_3rd down efficiency" "diff_4th down efficiency" "diff_Total Yards" "diff_Passing" "diff_Comp-Att" "diff_Yards per pass" "diff_Interceptions thrown" "diff_Rushing" "diff_Rushing Attempts" "diff_Yards per rush" "diff_Penalties" "diff_Turnovers" "diff_Fumbles lost" "diff_Possession" "diff_Score"
"1" -13 -0.318 1 -237 -49 -0.382 -8.1 3 -188 -23 -2.9 -19 2 -1 -17.2 -21
"2" -6 0.1 -0.5 151 91 -0.0820000000000001 6.3 -1 60 -14 3.1 24 -3 -2 -17.86 37
"3" -2 -0.222 1 -114 -85 -0.292 -4.6 0 -29 -4 -0.5 27 0 0 -0.439999999999998 -22
"4" 0 0.092 0 -50 -15 -0.099 0.2 4 -35 -4 -0.7 -15 4 0 -6.66 -19
"5" 6 -0.099 0.25 -37 52 0.056 -1.2 -3 -89 -6 -1.5 -19 -1 2 5 -3
"6" -8 -0.122 0 -146 -181 -0.034 -2.2 -2 35 14 -0.1 17 -3 -1 4.74 6
"7" -1 0.033 -0.333 -96 -40 0.083 -4.3 -1 -56 5 -2.4 46 0 1 14.74 -22
"8" 6 0.086 0.167 -10 -71 -0.004 -2 1 61 11 0.2 14 1 0 8.54 7
"9" -3 0.127 -0.5 -196 -198 -0.00600000000000001 -3.8 1 2 27 -3 27 0 -1 8.7 -28
"10" -1 0.322 -0.333 -1 -99 -0.0680000000000001 -2.1 0 98 17 1 -25 -1 -1 6.9 6
"11" -1 0.047 -0.667 29 30 -0.149 1.9 1 -1 4 -0.5 -10 -1 -2 -0.340000000000003 -4
"12" 6 -0.118 1 104 8 -0.177 -3.1 -1 96 11 1 -20 -2 -1 4.26 2
