"diff_1st Downs" "diff_3rd down efficiency" "diff_4th down efficiency" "diff_Total Yards" "diff_Passing" "diff_Comp-Att" "diff_Yards per pass" "diff_Interceptions thrown" "diff_Rushing" "diff_Rushing Attempts" "diff_Yards per rush" "diff_Penalties" "diff_Turnovers" "diff_Fumbles lost" "diff_Possession" "diff_Score"
"1" -6 -0.086 -0.167 10 71 0.004 2 -1 -61 -11 -0.2 -14 -1 0 -8.54 -7
"2" 17 0.236 0 321 159 0.266 2.2 -1 162 15 2.6 38 -2 -1 12.94 31
"3" 2 -0.012 1 -46 209 0.104 0.2 1 -255 -26 -3.3 -13 0 -1 -10.26 6
"4" 6 0.169 0 33 18 -0.331 -2.1 0 15 2 0.2 -85 -1 -1 -0.759999999999998 4
"5" -5 -0.088 -0.5 -56 -19 0.00600000000000001 1.2 2 -37 -12 0.1 -55 3 1 -14.3 -4
"6" 1 -0.107 -1 -60 70 -0.104 -2.8 1 -130 -27 0 -4 2 1 -13.26 -14
"7" -15 -0.028 -1 -226 -82 -0.143 -3.7 2 -144 -24 -1.6 35 2 0 0.159999999999997 -49
"8" -2 -0.162 0.5 7 28 0.0519999999999999 -0.6 1 -21 -5 0 45 1 0 -1 -11
"9" -4 -0.25 0 -104 -88 0.0810000000000001 -0.8 0 -16 -10 0.2 -18 0 0 -12.54 1
"10" -4 0.038 -0.333 36 65 0.015 1.7 1 -29 -12 0.7 27 1 0 2.5 7
"11" -8 -0.118 0 -156 -207 -0.182 -5.2 0 51 -4 1.6 -30 0 0 -0.659999999999997 -7
"12" -7 -0.047 -1 60 -75 0.215 -0.4 1 135 0 3.8 50 1 0 -2.34 -1
