"diff_1st Downs" "diff_3rd down efficiency" "diff_4th down efficiency" "diff_Total Yards" "diff_Passing" "diff_Comp-Att" "diff_Yards per pass" "diff_Interceptions thrown" "diff_Rushing" "diff_Rushing Attempts" "diff_Yards per rush" "diff_Penalties" "diff_Turnovers" "diff_Fumbles lost" "diff_Possession" "diff_Score"
"1" -1 -0.147 1 -11 -41 -0.127 0.199999999999999 -1 30 8 0.0999999999999996 24 -1 0 -6.97 -2
"2" -4 -0.078 1 -170 -56 -0.0670000000000001 -3 -1 -114 -10 -2.3 -10 -3 -2 3.6 3
"3" 1 -0.143 -0.5 -86 95 -0.162 -2.8 1 -181 -23 -2 20 3 2 -5.56 -31
"4" 11 0 1 136 58 0.023 -0.300000000000001 1 78 10 1.1 25 1 0 5.84 4
"5" 1 -0.047 0.667 -29 -30 0.149 -1.9 -1 1 -4 0.5 10 1 2 0.340000000000003 4
"6" -5 0.122 -0.4 -104 32 0.171 -1.2 1 -136 -3 -3.2 15 2 1 7.96 -34
"7" -20 -0.401 0 -464 -232 -0.273 -4.1 -1 -232 -20 -4.5 -15 -1 0 -9.6 -28
"8" -12 -0.114 -1 -215 -248 -0.171 -1.7 1 33 18 -1.4 10 1 0 5.6 -31
"9" -3 -0.109 0 14 23 0.033 1.9 0 -9 -6 0.5 -8 -2 -2 -1.4 3
"10" -1 -0.102 0.5 63 49 0.2 5.9 -1 14 12 -0.7 102 -4 -3 7.06 16
"11" -10 0.047 -1 -26 66 0.00600000000000001 2.8 -1 -92 -18 -1.1 70 -2 -1 -3.7 7
"12" -7 -0.278 0 -105 33 0.0860000000000001 -2.1 3 -138 -33 -1.1 2 4 1 -12.64 -24
