"diff_1st Downs" "diff_3rd down efficiency" "diff_4th down efficiency" "diff_Total Yards" "diff_Passing" "diff_Comp-Att" "diff_Yards per pass" "diff_Interceptions thrown" "diff_Rushing" "diff_Rushing Attempts" "diff_Yards per rush" "diff_Penalties" "diff_Turnovers" "diff_Fumbles lost" "diff_Possession" "diff_Score"
"1" 2 0.071 0 7 67 0.0850000000000001 -1.8 0 -60 -14 0.199999999999999 66 0 0 -4.14 -6
"2" 5 -0.071 1 -81 69 0.005 0.800000000000001 0 -150 -4 -3.7 -60 1 1 -4.06 4
"3" -3 0.018 -0.6 -43 5 0.0529999999999999 1.2 -4 -48 -1 -1.2 5 -5 -1 2.24 7
"4" 4 0.055 0.2 -18 15 0.302 1.5 -1 -33 10 -1.5 -14 0 1 16.1 -3
"5" -1 -0.269 0.6 -15 10 -0.094 0.6 -1 -25 1 -1.1 26 -1 0 5.1 1
"6" 2 0.004 -0.5 -178 -137 -0.2 -3.9 -1 -41 12 -2.9 -52 -1 0 5.76 -21
"7" 7 0.025 0.1 -167 -5 -0.0680000000000001 -5.6 2 -162 16 -6.6 -6 0 -2 18.2 -12
"8" 16 -0.098 0.75 171 107 0.0579999999999999 0.199999999999999 -1 64 24 -0.7 -48 -1 0 17.24 19
"9" -1 0.143 0.5 86 -95 0.162 2.8 -1 181 23 2 -20 -3 -2 5.56 31
"10" 4 0.247 1 260 169 0.224 3.2 3 91 -3 2.6 14 3 0 5.34 27
"11" -3 -0.023 0.667 -214 -79 -0.18 -6 0 -135 -7 -3.7 -13 1 1 -0.460000000000001 -21
"12" 7 0.117 0.6 11 74 0.123 -0.9 1 -63 21 -4.2 49 0 -1 16.9 -4
