"diff_1st Downs" "diff_3rd down efficiency" "diff_4th down efficiency" "diff_Total Yards" "diff_Passing" "diff_Comp-Att" "diff_Yards per pass" "diff_Interceptions thrown" "diff_Rushing" "diff_Rushing Attempts" "diff_Yards per rush" "diff_Penalties" "diff_Turnovers" "diff_Fumbles lost" "diff_Possession" "diff_Score"
"1" 1 -0.121 0 -2 -19 0.223 1.4 0 17 10 -0.5 -35 -2 -2 11.36 3
"2" 5 0.237 -1 52 34 0.0489999999999999 -3.7 0 18 -1 0.6 6 1 1 13.56 7
"3" -8 -0.014 -0.25 83 9 0.093 8.1 -1 74 5 2 25 -2 -1 -4.8 21
"4" 3 0.285 -0.5 -23 90 0.038 1.6 0 -113 -15 -0.899999999999999 -50 0 0 -5 7
"5" 3 0.023 -0.667 214 79 0.18 6 0 135 7 3.7 13 -1 -1 0.460000000000001 21
"6" 7 0.278 0 105 -33 -0.0860000000000001 2.1 -3 138 33 1.1 -2 -4 -1 12.64 24
"7" -6 -0.115 0 -128 9 -0.092 -0.9 1 -137 -17 -1.7 -49 1 0 -6 -10
"8" -11 0.017 0 -308 -174 -0.313 -3.9 0 -134 -8 -3.1 0 0 0 -3.94 -36
"9" -10 -0.203 -0.5 -230 -91 -0.187 -1.9 2 -139 -10 -4 -43 3 1 -2.06 -33
"10" -17 -0.333 0.5 -286 -76 -0.00800000000000001 -2.5 0 -210 -29 -1.4 -45 -2 -2 0.200000000000003 -7
"11" 0 -0.092 0 50 15 0.099 -0.2 -4 35 4 0.7 15 -4 0 6.66 19
"12" 11 0.419 1 243 118 -0.055 0.9 0 125 22 1.2 39 0 0 22.66 16
"13" -1 0.107 1 60 -70 0.104 2.8 -1 130 27 0 4 -2 -1 13.26 14
