"diff_1st Downs" "diff_3rd down efficiency" "diff_4th down efficiency" "diff_Total Yards" "diff_Passing" "diff_Comp-Att" "diff_Yards per pass" "diff_Interceptions thrown" "diff_Rushing" "diff_Rushing Attempts" "diff_Yards per rush" "diff_Penalties" "diff_Turnovers" "diff_Fumbles lost" "diff_Possession" "diff_Score"
"1" 14 0.079 0.667 324 143 0.221 4.7 0 181 12 3.6 20 0 0 0.259999999999998 37
"2" 14 0.122 0.25 158 129 0.05 4 0 29 -17 2.5 -95 -1 -1 -10.6 45
"3" 7 0.182 -0.6 162 -66 0.0219999999999999 2.6 0 228 24 3.9 -40 -2 -2 5.24 21
"4" 4 0.226 1 97 101 0.227 5.8 -1 -4 3 -0.4 -20 0 1 6.64 21
"5" 8 0.118 0 156 207 0.182 5.2 0 -51 4 -1.6 30 0 0 0.659999999999997 7
"6" 10 -0.047 1 26 -66 -0.00600000000000001 -2.8 1 92 18 1.1 -70 2 1 3.7 -7
"7" -23 -0.538 -0.5 -456 -299 -0.272 -6.2 1 -157 -11 -2.6 18 2 1 -10.86 -56
"8" 10 0.379 0 94 189 0.00800000000000001 3.7 2 -95 1 -3 -50 3 1 3.56 -3
"9" -7 -0.138 0 -75 -94 0.102 3.2 -4 19 -5 1 -36 -4 0 -16.26 20
"10" 3 -0.018 0.6 43 -5 -0.0529999999999999 -1.2 4 48 1 1.2 -5 5 1 -2.24 -7
"11" 3 -0.021 0 157 139 0.014 4.7 -1 18 -10 1.3 33 1 2 -12.24 3
"12" 8 0.122 0 146 181 0.034 2.2 2 -35 -14 0.1 -17 3 1 -4.74 -6
"13" 6 0.115 0 128 -9 0.092 0.9 -1 137 17 1.7 49 -1 0 6 10
