"diff_1st Downs" "diff_3rd down efficiency" "diff_4th down efficiency" "diff_Total Yards" "diff_Passing" "diff_Comp-Att" "diff_Yards per pass" "diff_Interceptions thrown" "diff_Rushing" "diff_Rushing Attempts" "diff_Yards per rush" "diff_Penalties" "diff_Turnovers" "diff_Fumbles lost" "diff_Possession" "diff_Score"
"1" 15 0.318 1 203 47 0.109 2.8 -1 156 26 1.7 -31 -1 0 9.86 30
"2" 16 0.48 -0.667 385 63 0.098 2.4 2 322 33 4.6 -6 1 -1 10.64 33
"3" -14 -0.282 -1 -357 -231 -0.246 -5.7 -1 -126 -26 0.7 52 -2 -1 -14.16 -26
"4" 6 0.228 0.5 50 -71 0.181 -2.2 -3 121 30 0.7 10 -2 1 13.36 3
"5" -7 0.063 0.667 -113 5 0.031 2.3 0 -118 -7 -2.1 -12 0 0 -12 7
"6" -6 0.135 -0.4 -109 -126 0.137 -0.800000000000001 -1 17 4 -0.100000000000001 30 -2 -1 -3.06 -1
"7" -1 0.121 0 2 19 -0.223 -1.4 0 -17 -10 0.5 35 2 2 -11.36 -3
"8" 0 0.062 0 66 64 -0.11 2.3 0 2 7 -0.8 22 0 0 -1.1 -2
"9" 3 0.088 -0.5 -49 114 -0.194 -2.7 1 -163 -22 -1.2 -55 0 -1 -7.14 -17
"10" 3 -0.098 0 -83 -14 -0.015 1.4 -1 -69 -3 -1.4 -31 0 1 -11.26 -3
"11" 11 0.055 0.667 108 30 0.216 1.9 -2 78 24 -0.899999999999999 -32 -4 -2 5.74 45
"12" -14 -0.134 0 -259 -123 -0.227 0.5 -1 -136 -4 -3.6 15 1 2 -7.2 -28
