"diff_1st Downs" "diff_3rd down efficiency" "diff_4th down efficiency" "diff_Total Yards" "diff_Passing" "diff_Comp-Att" "diff_Yards per pass" "diff_Interceptions thrown" "diff_Rushing" "diff_Rushing Attempts" "diff_Yards per rush" "diff_Penalties" "diff_Turnovers" "diff_Fumbles lost" "diff_Possession" "diff_Score"
"1" -1 -0.321 -0.333 -93 -39 -0.13 -2.5 0 -54 -11 -0.7 -60 -1 -1 -16.6 1
"2" -3 -0.176 -0.667 7 149 -0.099 0.6 2 -142 -23 0.3 2 3 1 -8.5 -21
"3" -4 -0.304 -0.25 -110 -117 -0.102 -3 1 7 0 0.2 22 -1 -2 4.2 -20
"4" 0 -0.059 0 -62 65 -0.0539999999999999 0.3 0 -127 -15 -2.3 11 0 0 -6.54 8
"5" -11 -0.055 -0.667 -108 -30 -0.216 -1.9 2 -78 -24 0.899999999999999 32 4 2 -5.74 -45
"6" -2 -0.141 -0.5 50 135 -0.143 1.2 4 -85 -22 0.300000000000001 -38 4 0 -9.16 -5
"7" -3 -0.222 0.333 -139 25 0.125 -3 1 -164 -21 -2.5 -5 0 -1 -4.06 -29
"8" -22 -0.375 0.5 -503 -354 -0.279 -7.1 0 -149 6 -6 49 1 1 1.06 -73
"9" 6 0.169 0.333 123 43 0.219 4 0 80 14 1 28 0 0 1.5 14
"10" 4 0 0.083 116 29 0.184 2.6 -2 87 15 1.3 12 -4 -2 9.26 19
"11" -15 -0.488 1 -365 -269 -0.15 -8.1 0 -96 -17 -0.5 12 -1 -1 -7.9 -38
"12" -24 -0.366 0 -449 -129 -0.381 -7.7 1 -320 -39 -4.8 15 0 -1 -24 -34
