"diff_1st Downs" "diff_3rd down efficiency" "diff_4th down efficiency" "diff_Total Yards" "diff_Passing" "diff_Comp-Att" "diff_Yards per pass" "diff_Interceptions thrown" "diff_Rushing" "diff_Rushing Attempts" "diff_Yards per rush" "diff_Penalties" "diff_Turnovers" "diff_Fumbles lost" "diff_Possession" "diff_Score"
"1" 9 0.167 1 225 63 0.219 3.4 -1 162 18 2.7 12 -1 0 11.23 43
"2" -12 -0.361 -0.667 -138 -55 -0.143 -4.9 -3 -83 -27 1 -12 -3 0 -9.24 -15
"3" -3 -0.177 -0.067 -152 -50 -0.026 -1.2 0 -102 -10 -2.2 -3 -2 -2 -5.24 -18
"4" -6 -0.125 0.75 -83 -74 0.188 1.3 0 -9 4 -0.6 -30 0 0 -5.46 10
"5" 14 0.134 0 259 123 0.227 -0.5 1 136 4 3.6 -15 -1 -2 7.2 28
"6" -21 -0.279 0 -429 -180 -0.0600000000000001 -5.5 0 -249 -24 -4.6 -27 1 1 -13.84 -37
"7" 4 0.198 0 134 10 0.128 -1.7 -1 124 7 3.1 -20 -2 -1 2.64 15
"8" -12 -0.1 0.042 140 101 0.13 10.3 -1 39 -2 1.2 67 -2 -1 -7.94 14
"9" 0 0.026 -0.6 -245 -82 -0.025 -5.7 1 -163 1 -4.4 -49 1 0 -8.66 -27
"10" 1 -0.125 1 86 74 0.207 4.3 -1 12 1 0.2 -24 0 1 -5.1 11
"11" 8 -0.039 0.5 -26 -85 0.064 -3.3 2 59 9 0.5 -28 4 2 -2.14 -16
"12" 2 0.141 0.5 -50 -135 0.143 -1.2 -4 85 22 -0.300000000000001 38 -4 0 9.16 5
