"diff_1st Downs" "diff_3rd down efficiency" "diff_4th down efficiency" "diff_Total Yards" "diff_Passing" "diff_Comp-Att" "diff_Yards per pass" "diff_Interceptions thrown" "diff_Rushing" "diff_Rushing Attempts" "diff_Yards per rush" "diff_Penalties" "diff_Turnovers" "diff_Fumbles lost" "diff_Possession" "diff_Score"
"1" 12 0.525 0.667 224 187 0.296 4.7 -2 37 13 -0.8 47 -5 -3 16.4 42
"2" 17 0.327 0.5 274 189 0.23 4.3 2 85 29 -0.8 -20 2 0 23.7 12
"3" -7 -0.205 0.5 -151 -134 -0.02 -3.8 -1 -17 -5 -0.1 -41 -1 0 0 4
"4" -5 0 -0.167 -144 -57 -0.305 -7.2 1 -87 -13 -0.5 2 1 0 -3.9 -33
"5" 6 0.0529999999999999 0 189 175 0.141 5.1 1 14 -4 1 16 2 1 -2.7 7
"6" -1 0.04 -0.1 -164 93 -0.176 -0.3 0 -257 0 -8 -31 1 1 8.96 -34
"7" -13 -0.402 0.333 -258 -196 -0.333 -6.2 4 -62 6 -3.1 -5 4 0 5.74 -52
"8" 3 -0.136 1 -1 85 -0.106 -1.2 0 -86 -7 -1.9 -80 1 1 -0.159999999999997 -7
"9" -6 -0.228 -0.5 -50 71 -0.181 2.2 3 -121 -30 -0.7 -10 2 -1 -13.36 -3
"10" 5 0.227 -0.133 114 -21 0.0519999999999999 1.5 -1 135 6 2.5 17 2 3 6.76 1
"11" 5 -0.114 -0.5 -169 -216 -0.021 -5.5 3 47 18 -1.3 25 4 1 15.1 -35
"12" 3 -0.225 0.5 53 26 0.0389999999999999 3.4 1 27 14 -1.1 20 2 1 11.44 -4
"13" -1 0.111 0 -125 114 0.039 -2.1 1 -239 -7 -5.6 2 -1 -2 5.26 -14
