"diff_1st Downs" "diff_3rd down efficiency" "diff_4th down efficiency" "diff_Total Yards" "diff_Passing" "diff_Comp-Att" "diff_Yards per pass" "diff_Interceptions thrown" "diff_Rushing" "diff_Rushing Attempts" "diff_Yards per rush" "diff_Penalties" "diff_Turnovers" "diff_Fumbles lost" "diff_Possession" "diff_Score"
"1" 10 0.244 0 243 110 0.182 4.9 -2 133 -3 3.9 30 -3 -1 0 59
"2" -2 -0.186 0.5 -5 -79 0.12 2.2 -3 74 10 0.2 26 -3 0 3.54 14
"3" 0 -0.026 0.6 245 82 0.025 5.7 -1 163 -1 4.4 49 -1 0 8.66 27
"4" 15 0.085 0.417 183 17 0.0750000000000001 1.8 -1 166 29 0.6 -26 -2 -1 12.04 14
"5" 0 -0.171 0.6 59 47 -0.018 -0.699999999999999 1 12 -4 0.8 23 1 0 2.9 -6
"6" 10 0.298 0.167 234 68 0.183 4.9 0 166 22 1.7 30 0 0 14.9 20
"7" 5 0.297 -0.467 118 90 0.0509999999999999 3 1 28 1 0.6 25 3 2 6.66 4
"8" -3 0.083 0.5 -35 -88 0.147 -0.5 0 53 3 0.899999999999999 -44 3 3 2.96 -7
"9" 7 0.205 -0.5 151 134 0.02 3.8 1 17 5 0.1 41 1 0 0 -4
"10" -5 0.133 -1 -25 -32 -0.192 2.4 1 7 -5 0.800000000000001 -64 3 2 -5.3 -3
"11" 7 -0.063 -0.667 113 -5 -0.031 -2.3 0 118 7 2.1 12 0 0 12 -7
"12" -19 -0.56 0 -309 -88 -0.256 -3.6 0 -221 -19 -4.4 34 -2 -2 -6.3 -31
"13" -3 0.231 -0.5 30 -156 -0.0580000000000001 0.8 0 186 10 2.7 -11 0 0 -2.16 10
