"diff_1st Downs" "diff_3rd down efficiency" "diff_4th down efficiency" "diff_Total Yards" "diff_Passing" "diff_Comp-Att" "diff_Yards per pass" "diff_Interceptions thrown" "diff_Rushing" "diff_Rushing Attempts" "diff_Yards per rush" "diff_Penalties" "diff_Turnovers" "diff_Fumbles lost" "diff_Possession" "diff_Score"
"1" -2 -0.111 -0.667 1 57 -0.114 -2 0 -56 -11 -0.4 -15 0 0 -2.84 -18
"2" 0 -0.036 0 -37 42 0.124 1.3 -1 -79 -9 -1.2 -30 -1 0 -3.4 7
"3" 3 0.2 0 145 30 0.527 8.5 0 115 35 -0.7 19 0 0 21.16 17
"4" -3 0.098 0 83 14 0.015 -1.4 1 69 3 1.4 31 0 -1 11.26 3
"5" -1 0.125 -1 -86 -74 -0.207 -4.3 1 -12 -1 -0.2 24 0 -1 5.1 -11
"6" 24 0.366 0 449 129 0.381 7.7 -1 320 39 4.8 -15 0 1 24 34
"7" 3 -0.042 -0.5 -176 55 -0.044 -4.5 1 -231 -7 -5.9 -9 1 0 17.1 -32
"8" 2 -0.018 0.4 54 188 -0.249 0.7 3 -134 -24 -1.6 18 5 2 -13.1 -17
"9" -7 -0.182 0 -22 -174 0.161 3.3 -1 152 18 1.9 21 -2 -1 7.34 6
"10" 9 -0.052 -0.25 121 54 -0.216 -3.6 3 67 5 1.3 -18 2 -1 9.06 -10
"11" -6 -0.0529999999999999 0 -189 -175 -0.141 -5.1 -1 -14 4 -1 -16 -2 -1 2.7 -7
"12" 6 0.064 0.5 40 -137 -0.187 -6.1 2 177 9 3.7 -10 2 0 12.34 -3
