"diff_1st Downs" "diff_3rd down efficiency" "diff_4th down efficiency" "diff_Total Yards" "diff_Passing" "diff_Comp-Att" "diff_Yards per pass" "diff_Interceptions thrown" "diff_Rushing" "diff_Rushing Attempts" "diff_Yards per rush" "diff_Penalties" "diff_Turnovers" "diff_Fumbles lost" "diff_Possession" "diff_Score"
"1" 0 -0.032 0 64 120 -0.138 1 -1 -56 -16 -0.1 26 -3 -2 -5.13 11
"2" 22 0.375 -0.5 503 354 0.279 7.1 0 149 -6 6 -49 -1 -1 -1.06 73
"3" 3 0.081 -0.0670000000000001 55 126 0.074 -0.3 0 -71 -10 -1.3 15 1 1 1.86 -7
"4" 5 -0.133 1 25 32 0.192 -2.4 -1 -7 5 -0.800000000000001 64 -3 -2 5.3 3
"5" -2 0.054 0.5 -75 -25 -0.141 -5 1 -50 -6 -0.5 45 2 1 1.84 -27
"6" -5 0.114 0.5 169 216 0.021 5.5 -3 -47 -18 1.3 -25 -4 -1 -15.1 35
"7" 4 -0.107 0.25 52 5 0.119 2.7 -4 47 -6 2.2 -37 -4 0 -8.26 32
"8" -3 -0.032 -0.333 61 -35 0.133 0.7 1 96 1 2.6 18 1 0 4.7 -3
"9" -4 0.033 -0.417 -5 100 0.0279999999999999 -0.2 0 -105 -21 -0.2 -4 -1 -1 -0.0600000000000023 -3
"10" 3 0.177 0.067 152 50 0.026 1.2 0 102 10 2.2 3 2 2 5.24 18
"11" 3 0.156 -0.25 208 238 0.0509999999999999 4.6 -2 -30 -30 4.3 -60 -3 -1 -19.14 52
"12" 6 0 -0.6 11 178 0.025 -1 2 -167 -13 -3.1 -23 2 0 0 -24
"13" 6 -0.135 0.4 109 126 -0.137 0.800000000000001 1 -17 -4 0.100000000000001 -30 2 1 3.06 1
