"diff_1st Downs" "diff_3rd down efficiency" "diff_4th down efficiency" "diff_Total Yards" "diff_Passing" "diff_Comp-Att" "diff_Yards per pass" "diff_Interceptions thrown" "diff_Rushing" "diff_Rushing Attempts" "diff_Yards per rush" "diff_Penalties" "diff_Turnovers" "diff_Fumbles lost" "diff_Possession" "diff_Score"
"1" 1 0.152 0 -10 173 -0.0299999999999999 1.9 1 -183 -14 -4 -36 2 1 -4.76 -1
"2" 5 0.029 0 53 31 0.188 1.9 -2 22 4 0.3 -45 -3 -1 6.56 21
"3" -6 -0.216 0 96 99 0.301 8.8 0 -3 -3 0.2 13 2 2 -6.16 1
"4" -6 -0.079 0.5 -119 0 -0.105 -1.9 -1 -119 -2 -3.7 25 0 1 3.84 -28
"5" 1 -0.131 0.667 15 172 -0.0670000000000001 0.7 0 -157 -13 -3 -6 0 0 -5.76 -7
"6" -1 0.167 0 -102 -33 -0.015 -4 0 -69 -2 -1.7 -46 1 1 -3.44 -9
"7" -3 -0.161 0 -129 11 -0.081 -1.2 1 -140 -19 -3 4 1 0 -5.04 -17
"8" -4 -0.109 -0.333 -295 -210 0.00800000000000001 -6.5 2 -85 -1 -2.3 -29 2 0 1.56 -30
"9" -14 -0.23 -0.667 -113 -54 -0.092 -2 -1 -59 -12 -0.9 79 -1 0 -0.600000000000001 -28
"10" 5 0.031 0.5 55 86 -0.0259999999999999 -2.3 3 -31 -9 -0.2 -30 5 2 -1.56 -10
"11" -4 0.127 0.5 -6 195 0.104 1.3 1 -201 -21 -4.5 30 -1 -2 -0.560000000000002 1
"12" -12 -0.186 0.5 -264 -39 -0.111 -0.9 3 -225 -2 -5.8 0 4 1 -2 -44
