"diff_1st Downs" "diff_3rd down efficiency" "diff_4th down efficiency" "diff_Total Yards" "diff_Passing" "diff_Comp-Att" "diff_Yards per pass" "diff_Interceptions thrown" "diff_Rushing" "diff_Rushing Attempts" "diff_Yards per rush" "diff_Penalties" "diff_Turnovers" "diff_Fumbles lost" "diff_Possession" "diff_Score"
"1" -9 -0.313 -0.333 -141 -95 0.034 -2.2 1 -46 -10 -0.6 76 0 -1 -1.56 -31
"2" -11 0.026 0 -47 -171 -0.215 -1.8 -2 124 -6 4.1 -15 -3 -1 -20.54 18
"3" -18 -0.134 -1 -333 -70 -0.07 -7.2 -1 -263 -28 -3.5 -30 -1 0 -1.76 -42
"4" 4 -0.02 -0.5 134 96 0.179 3.1 -1 38 4 0.600000000000001 13 -1 0 0.140000000000001 3
"5" -4 0.143 -0.333 -209 -109 -0.127 -3.2 -1 -100 -1 -2.6 -31 -2 -1 -3.6 -7
"6" 2 -0.25 0.5 10 98 -0.179 -1.8 4 -88 -17 -0.100000000000001 -49 4 0 -11.54 -21
"7" -2 -0.004 -1 119 265 0.185 6.9 -1 -146 -25 -0.6 31 0 1 -7.24 -17
"8" -8 0.127 -0.5 -77 -203 -0.171 -3 -1 126 13 1.9 -32 -3 -2 2.14 5
"9" -15 -0.446 0.167 -378 -198 0.03 -3.8 0 -180 -13 -3.5 3 -2 -2 -9.7 -25
"10" 2 -0.021 0.5 159 87 0.0379999999999999 1.8 0 72 6 1.2 -30 -3 -3 6.4 1
"11" 3 0.247 -0.5 8 -15 0.119 1.4 0 23 16 -1.1 -5 0 0 8.9 4
"12" -1 -0.231 -0.5 -152 72 0.00600000000000001 -1.2 0 -224 -13 -5 -38 0 0 -2.2 -23
