"diff_1st Downs" "diff_3rd down efficiency" "diff_4th down efficiency" "diff_Total Yards" "diff_Passing" "diff_Comp-Att" "diff_Yards per pass" "diff_Interceptions thrown" "diff_Rushing" "diff_Rushing Attempts" "diff_Yards per rush" "diff_Penalties" "diff_Turnovers" "diff_Fumbles lost" "diff_Possession" "diff_Score"
"1" 23 0.433 0 388 207 0.107 5.6 -2 181 27 2.8 4 -2 0 12 52
"2" -5 0.208 0.75 -83 -140 0.0860000000000001 -0.4 -3 57 11 0.9 5 -3 0 6.14 13
"3" 21 0.547 0 332 284 0.0499999999999999 4.4 1 48 1 1.3 2 1 0 10.96 31
"4" 4 -0.231 0 -80 -56 -0.022 -0.6 -1 -24 18 -3.4 -30 -1 0 6.8 2
"5" 11 0.33 1 63 53 0.105 -4.1 0 10 8 -0.0999999999999999 -4 0 0 12.3 1
"6" 2 -0.00900000000000001 -0.5 -89 -187 0.039 -0.800000000000001 -3 98 16 2.1 -36 -3 0 6.74 9
"7" 4 -0.127 -0.5 6 -195 -0.104 -1.3 -1 201 21 4.5 -30 1 2 0.560000000000002 -1
"8" 0 -0.221 0.5 -39 -56 -0.095 -0.0999999999999996 -1 17 5 -0.0999999999999996 53 0 1 -4.6 1
"9" 0 -0.072 0.5 -75 36 -0.117 -1.9 1 -111 -17 -2.2 -9 2 1 -6.66 -10
"10" -4 -0.188 -0.25 -134 -50 -0.0590000000000001 -3.2 -2 -84 8 -3.5 -10 -2 0 10.2 -15
"11" 4 0.037 0 -54 61 -0.051 -1 1 -115 -8 -2.4 -15 1 0 1.14 -15
"12" -6 0 0 -21 38 0.0670000000000001 1.8 -1 -59 -15 -0.6 2 0 1 -8.4 3
