"diff_1st Downs" "diff_3rd down efficiency" "diff_4th down efficiency" "diff_Total Yards" "diff_Passing" "diff_Comp-Att" "diff_Yards per pass" "diff_Interceptions thrown" "diff_Rushing" "diff_Rushing Attempts" "diff_Yards per rush" "diff_Penalties" "diff_Turnovers" "diff_Fumbles lost" "diff_Possession" "diff_Score"
"1" 9 0.198 -0.333 273 15 0.045 0.5 -1 258 13 5.8 -3 -2 -1 2.05 32
"2" -17 -0.142 1 -209 12 -0.175 0.9 0 -221 -23 -3.2 18 0 0 -16.44 -13
"3" 10 -0.044 0.5 254 193 0.0880000000000001 4 -1 61 -3 2.2 3 -1 0 -3.44 31
"4" 12 -0.036 0.667 107 152 0.304 1 0 -45 0 -1.5 4 -1 -1 2.94 18
"5" -3 -0.247 0.5 -8 15 -0.119 -1.4 0 -23 -16 1.1 5 0 0 -8.9 -4
"6" 6 0 0 21 -38 -0.0670000000000001 -1.8 1 59 15 0.6 -2 0 -1 8.4 -3
"7" 9 0.0620000000000001 0 1 -44 -0.172 -2.8 2 45 15 -0.1 -21 3 1 10.04 -29
"8" -7 0.143 0.5 -82 -9 -0.0269999999999999 -0.199999999999999 -1 -73 -8 -0.600000000000001 50 0 1 -4.1 2
"9" 0 0.212 0.5 46 98 0.125 4 1 -52 -10 -0.2 -37 3 2 -3.26 7
"10" -8 0.143 0.167 -68 -187 -0.0579999999999999 2.3 1 119 19 1.9 31 0 -1 2.46 3
"11" 2 0.171 1 -6 135 0.073 1.8 -1 -141 -7 -2.6 -24 1 2 -10.94 3
"12" 4 -0.038 -0.333 37 61 0.217 1.3 -1 -24 1 -0.7 -2 -1 0 7.26 3
"13" 8 0.375 -0.667 94 128 0.052 -1.2 -1 -34 -3 -0.5 22 -1 0 6.06 2
