"diff_1st Downs" "diff_3rd down efficiency" "diff_4th down efficiency" "diff_Total Yards" "diff_Passing" "diff_Comp-Att" "diff_Yards per pass" "diff_Interceptions thrown" "diff_Rushing" "diff_Rushing Attempts" "diff_Yards per rush" "diff_Penalties" "diff_Turnovers" "diff_Fumbles lost" "diff_Possession" "diff_Score"
"1" 8 0.09 0 115 44 -0.00800000000000001 0.700000000000001 -2 71 9 0.8 57 -3 -1 5.04 24
"2" -2 -0.338 0.5 -179 -243 -0.263 -1.6 -1 64 14 0.7 -64 -1 0 -4.84 3
"3" 4 0.083 -0.333 65 139 0.167 4.8 0 -74 9 -3.1 -14 2 2 9.66 2
"4" 22 0.485 1 581 224 0.667 10.3 -1 357 7 8.9 50 -1 0 1.64 59
"5" 4 0.188 0.25 134 50 0.0590000000000001 3.2 2 84 -8 3.5 10 2 0 -10.2 15
"6" -7 -0.092 -1 -76 109 -0.03 0.2 1 -185 -31 -2 -30 1 0 -15.34 -17
"7" -16 -0.242 -0.5 -260 -125 -0.453 -2.3 1 -135 -9 -2.7 -3 0 -1 -12.36 -35
"8" 19 0.212 0 268 209 -0.0339999999999999 6.6 0 59 24 -0.5 -6 -2 -2 9.74 34
"9" -10 -0.06 -0.667 -159 10 0.092 0.100000000000001 -1 -169 -32 -0.5 38 -3 -2 -7.8 -6
"10" -9 -0.224 0 -192 -56 -0.319 -2.1 -2 -136 -23 -2.4 -54 -2 0 -13.5 -10
"11" -15 -0.078 0.5 -66 26 -0.136 3.5 1 -92 -23 0 39 1 0 -9.76 -10
"12" 1 -0.167 0 102 33 0.015 4 0 69 2 1.7 46 -1 -1 3.44 9
