"diff_1st Downs" "diff_3rd down efficiency" "diff_4th down efficiency" "diff_Total Yards" "diff_Passing" "diff_Comp-Att" "diff_Yards per pass" "diff_Interceptions thrown" "diff_Rushing" "diff_Rushing Attempts" "diff_Yards per rush" "diff_Penalties" "diff_Turnovers" "diff_Fumbles lost" "diff_Possession" "diff_Score"
"1" 9 0.226 0 175 86 -0.04 2.8 1 89 7 1.3 -5 2 1 5.6 17
"2" 6 0.171 0.5 189 49 -0.081 1.3 0 140 13 2.3 5 2 2 7.06 2
"3" -6 -0.283 -0.667 -154 38 0.139 0 0 -192 -21 -4.1 11 1 1 -9.8 -17
"4" -3 0.018 0 54 83 0.108 4.1 0 -29 -6 -0.2 28 0 0 -5.4 -2
"5" -4 0.038 0.333 -37 -61 -0.217 -1.3 1 24 -1 0.7 2 1 0 -7.26 -3
"6" -7 -0.246 -0.5 -253 -56 -0.0519999999999999 -3.9 2 -197 -24 -4.2 -77 2 0 -12.06 -30
"7" -7 -0.357 -0.75 -172 -16 -0.298 -2.5 1 -156 -16 -3 -31 -1 -2 -7.7 -21
"8" -4 -0.083 0.333 -65 -139 -0.167 -4.8 0 74 -9 3.1 14 -2 -2 -9.66 -2
"9" -7 0.186 -0.667 -82 73 -0.236 0.0999999999999996 1 -155 -23 -1.5 49 2 1 -13.34 -21
"10" 4 -0.143 0.333 209 109 0.127 3.2 1 100 1 2.6 31 2 1 3.6 7
