"diff_1st Downs" "diff_3rd down efficiency" "diff_4th down efficiency" "diff_Total Yards" "diff_Passing" "diff_Comp-Att" "diff_Yards per pass" "diff_Interceptions thrown" "diff_Rushing" "diff_Rushing Attempts" "diff_Yards per rush" "diff_Penalties" "diff_Turnovers" "diff_Fumbles lost" "diff_Possession" "diff_Score"
"1" 3 -0.055 -1 -65 97 -0.018 -0.3 0 -162 -1 -5.3 -30 0 0 6.6 -25
"2" -6 -0.15 0.75 -206 -8 -0.14 -3.1 1 -198 0 -5.8 -30 2 1 8.24 -28
"3" -2 0.177 -0.333 31 -52 0.089 1.2 0 83 13 1.8 35 1 1 -0.200000000000003 7
"4" -2 0 1 -198 -213 -0.362 -3.6 0 15 2 0.2 -49 0 0 -6.7 -8
"5" -1 0.078 -0.5 -112 -37 -0.315 -3.2 2 -75 -3 -1.7 7 3 1 2.8 -39
"6" -20 -0.25 0 -477 -156 -0.339 -7.2 -1 -321 -18 -6.4 43 -1 0 -10.66 -42
"7" -17 -0.242 -0.5 -281 43 0.038 0.8 1 -324 -38 -2.7 15 0 -1 -16.74 -31
"8" -15 -0.784 0.8 -274 -76 -0.183 -4.5 -1 -198 -18 -2.4 10 0 1 -12.24 -42
"9" -17 -0.226 -0.5 -333 -309 -0.227 -3.9 0 -24 -3 -0.2 -30 1 1 -10.56 -23
"10" -9 -0.454 -0.5 -182 4 -0.188 -2.1 2 -186 -16 -3.1 -25 3 1 -8.7 -33
"11" -13 -0.5 1 -272 -222 -0.082 -4.6 0 -50 -6 -0.6 -14 1 1 -9 -38
"12" -19 -0.295 -0.667 -373 -172 -0.287 -2.2 0 -201 -10 -4.1 5 1 1 -5.56 -47
