"diff_1st Downs" "diff_3rd down efficiency" "diff_4th down efficiency" "diff_Total Yards" "diff_Passing" "diff_Comp-Att" "diff_Yards per pass" "diff_Interceptions thrown" "diff_Rushing" "diff_Rushing Attempts" "diff_Yards per rush" "diff_Penalties" "diff_Turnovers" "diff_Fumbles lost" "diff_Possession" "diff_Score"
"1" 27 0.417 1 513 310 0.315 10.3 -2 203 21 3.9 -32 -1 1 12.86 66
"2" 13 0.333 -0.5 225 164 0.267 4.6 -1 61 4 1.3 -2 -1 0 2.74 28
"3" -1 0.1 -0.333 -56 -47 0.227 -0.199999999999999 -4 -9 -6 0.600000000000001 19 -4 0 -2.5 26
"4" 3 -0.018 1 6 43 0.094 0.300000000000001 0 -37 5 -2.2 -51 1 1 3.66 1
"5" 13 0.394 1 70 -80 0.02 -1.7 0 150 30 -0.600000000000001 -40 -2 -2 15.96 25
"6" 20 0.286 0.5 337 80 0.138 0.7 1 257 10 7 5 1 0 9.04 35
"7" 2 0.032 -1 -5 48 -0.02 -0.2 1 -53 0 -1.4 -23 0 -1 4.56 -3
"8" 11 0.06 0.25 198 -1 0.0720000000000001 1.7 -1 199 25 4.3 -35 -2 -1 11.1 21
"9" 10 -0.018 0 -23 -12 -0.107 -4.6 0 -11 5 -0.8 -39 1 1 7.7 -10
"10" 5 0.167 0.5 80 -47 -0.241 -0.7 0 127 23 1.8 13 -1 -1 10.24 4
"11" 6 0.066 -0.75 -20 -117 -0.123 -3.3 2 97 11 1.9 -45 0 -2 6.84 -3
"12" 20 0.25 0 477 156 0.339 7.2 1 321 18 6.4 -43 1 0 10.66 42
"13" 6 0.334 0.4 114 -53 -0.036 0.199999999999999 -1 167 8 4.3 6 -1 0 -0.439999999999998 23
